7.531175017356872559e-01
7.206341028213500977e-01
6.948761940002441406e-01
6.790853738784790039e-01
6.572525501251220703e-01
6.463811397552490234e-01
6.308259963989257812e-01
5.946215391159057617e-01
6.127335429191589355e-01
6.043335795402526855e-01
5.948643088340759277e-01
5.592179894447326660e-01
5.560343265533447266e-01
5.910673141479492188e-01
5.690459609031677246e-01
5.926355719566345215e-01
4.098832011222839355e-01
5.830652117729187012e-01
5.313391685485839844e-01
6.144016981124877930e-01
5.773845314979553223e-01
5.756258964538574219e-01
6.063537597656250000e-01
5.543335676193237305e-01
5.509163141250610352e-01
5.141745805740356445e-01
6.161735653877258301e-01
6.352303028106689453e-01
6.265779733657836914e-01
5.601849555969238281e-01
5.029898285865783691e-01
5.555540323257446289e-01
5.853725671768188477e-01
5.690561532974243164e-01
4.938048422336578369e-01
6.215673685073852539e-01
4.955617785453796387e-01
5.643624067306518555e-01
5.102283358573913574e-01
5.569939613342285156e-01
5.585270524024963379e-01
5.243901610374450684e-01
4.731685221195220947e-01
6.248078942298889160e-01
4.585082828998565674e-01
5.026937127113342285e-01
5.158746242523193359e-01
4.263760745525360107e-01
4.902114868164062500e-01
5.024754405021667480e-01
6.692067384719848633e-01
5.569757819175720215e-01
5.499954223632812500e-01
5.530955195426940918e-01
5.080695152282714844e-01
5.283303260803222656e-01
5.028538703918457031e-01
4.893297553062438965e-01
5.450765490531921387e-01
6.118837594985961914e-01
5.518277883529663086e-01
5.277685523033142090e-01
4.964279830455780029e-01
5.714381337165832520e-01
5.334453582763671875e-01
5.567290186882019043e-01
5.146585702896118164e-01
5.604903697967529297e-01
5.561202764511108398e-01
5.290410518646240234e-01
4.598268866539001465e-01
4.909908771514892578e-01
4.700461626052856445e-01
5.494813323020935059e-01
4.822798967361450195e-01
5.159717202186584473e-01
5.437995195388793945e-01
5.052895545959472656e-01
4.965693056583404541e-01
5.065044164657592773e-01
5.212148427963256836e-01
4.938202500343322754e-01
4.558477699756622314e-01
4.378020763397216797e-01
5.237923264503479004e-01
4.731483459472656250e-01
5.285201072692871094e-01
3.998324573040008545e-01
4.143480956554412842e-01
5.828219652175903320e-01
5.125726461410522461e-01
4.604743123054504395e-01
3.684826791286468506e-01
4.566885530948638916e-01
4.896275997161865234e-01
5.921354293823242188e-01
4.308340251445770264e-01
3.702121376991271973e-01
4.280292689800262451e-01
4.134860932826995850e-01
5.129792094230651855e-01
4.930640459060668945e-01
4.654738008975982666e-01
3.802881538867950439e-01
4.679381549358367920e-01
4.911861121654510498e-01
4.106442928314208984e-01
4.869263470172882080e-01
3.810127377510070801e-01
3.585357069969177246e-01
3.917995095252990723e-01
4.755359888076782227e-01
3.829399645328521729e-01
4.323240816593170166e-01
4.761534035205841064e-01
4.171770215034484863e-01
3.775685429573059082e-01
4.200848340988159180e-01
4.918870627880096436e-01
3.650934994220733643e-01
4.675753116607666016e-01
3.746852874755859375e-01
3.922398388385772705e-01
4.190886020660400391e-01
3.723493218421936035e-01
3.643865883350372314e-01
3.796910643577575684e-01
4.291258156299591064e-01
4.372740089893341064e-01
4.853378534317016602e-01
4.567706584930419922e-01
4.332773089408874512e-01
3.556384742259979248e-01
5.094109177589416504e-01
4.508497714996337891e-01
4.515992403030395508e-01
4.809266328811645508e-01
4.159085154533386230e-01
4.044776558876037598e-01
4.569541811943054199e-01
4.033780097961425781e-01
4.068441689014434814e-01
4.325524270534515381e-01
4.081107676029205322e-01
4.248920977115631104e-01
3.826515078544616699e-01
3.903936147689819336e-01
4.457154572010040283e-01
3.011102974414825439e-01
4.698452651500701904e-01
4.969775378704071045e-01
4.172686338424682617e-01
4.611135423183441162e-01
4.103022813796997070e-01
4.562167823314666748e-01
3.979116678237915039e-01
4.044087529182434082e-01
3.350331783294677734e-01
4.025809764862060547e-01
4.131153225898742676e-01
3.666039109230041504e-01
4.984244704246520996e-01
4.403752684593200684e-01
3.965983688831329346e-01
3.950139880180358887e-01
3.904215991497039795e-01
3.893282413482666016e-01
5.226766467094421387e-01
3.570097386837005615e-01
4.448990821838378906e-01
3.764539361000061035e-01
5.732144117355346680e-01
4.496645331382751465e-01
4.542703330516815186e-01
4.180215597152709961e-01
3.746126294136047363e-01
3.980463147163391113e-01
4.214651584625244141e-01
3.825346231460571289e-01
3.183026015758514404e-01
4.123285412788391113e-01
3.886822164058685303e-01
4.205532968044281006e-01
3.482928276062011719e-01
3.363097310066223145e-01
4.401596784591674805e-01
3.646420240402221680e-01
3.672216534614562988e-01
3.633917272090911865e-01
4.359840154647827148e-01
3.233421146869659424e-01
3.277898132801055908e-01
3.626042306423187256e-01
3.318811655044555664e-01
4.011020958423614502e-01
4.631600081920623779e-01
3.460216820240020752e-01
3.978533446788787842e-01
4.458979368209838867e-01
4.330872893333435059e-01
4.138453900814056396e-01
4.975483417510986328e-01
3.883600831031799316e-01
3.895949423313140869e-01
3.786875605583190918e-01
4.070481061935424805e-01
3.796782493591308594e-01
4.060615003108978271e-01
3.615994751453399658e-01
3.882856667041778564e-01
5.002803206443786621e-01
4.057615697383880615e-01
3.802730143070220947e-01
4.036078453063964844e-01
3.721121251583099365e-01
4.059445559978485107e-01
4.328768253326416016e-01
4.107243418693542480e-01
3.303106129169464111e-01
4.815042614936828613e-01
3.933582901954650879e-01
4.287427961826324463e-01
4.044947028160095215e-01
3.625834286212921143e-01
3.715975284576416016e-01
4.774274230003356934e-01
4.147027134895324707e-01
4.141388237476348877e-01
3.668158650398254395e-01
3.907732963562011719e-01
3.338845372200012207e-01
3.605459332466125488e-01
3.570395112037658691e-01
4.013311266899108887e-01
3.958130478858947754e-01
3.903776407241821289e-01
3.575116097927093506e-01
3.861289620399475098e-01
4.363154768943786621e-01
5.366784930229187012e-01
4.363805651664733887e-01
3.559381663799285889e-01
4.001571834087371826e-01
3.791613280773162842e-01
4.127871394157409668e-01
4.115151464939117432e-01
4.336028099060058594e-01
4.936000108718872070e-01
3.669620156288146973e-01
3.370088636875152588e-01
4.238882362842559814e-01
2.828137278556823730e-01
4.148818850517272949e-01
3.664011061191558838e-01
5.834782123565673828e-01
3.831290602684020996e-01
3.403247594833374023e-01
4.097502827644348145e-01
3.165985345840454102e-01
3.862629234790802002e-01
4.743395149707794189e-01
4.055584669113159180e-01
4.094260632991790771e-01
3.830560445785522461e-01
4.693987369537353516e-01
4.815706610679626465e-01
3.594426512718200684e-01
4.094946682453155518e-01
3.629458546638488770e-01
3.868915140628814697e-01
3.521788120269775391e-01
4.196875095367431641e-01
4.051731526851654053e-01
4.087713360786437988e-01
4.127177298069000244e-01
3.685373663902282715e-01
4.251281321048736572e-01
3.988718390464782715e-01
4.183065891265869141e-01
4.578374922275543213e-01
4.290166497230529785e-01
3.841580450534820557e-01
3.765230774879455566e-01
3.915614485740661621e-01
4.209307730197906494e-01
3.531270921230316162e-01
3.850476145744323730e-01
2.931582033634185791e-01
3.765164315700531006e-01
3.367742002010345459e-01
3.239032924175262451e-01
4.065451323986053467e-01
3.738390803337097168e-01
3.905048370361328125e-01
3.409978747367858887e-01
4.503728151321411133e-01
3.853934109210968018e-01
3.818710446357727051e-01
3.874545693397521973e-01
4.959755539894104004e-01
4.064040780067443848e-01
3.710649907588958740e-01
5.004329085350036621e-01
4.104335904121398926e-01
4.116280674934387207e-01
4.003270566463470459e-01
3.815057873725891113e-01
3.271876871585845947e-01
3.916491270065307617e-01
5.087535977363586426e-01
3.759492635726928711e-01
3.707410991191864014e-01
3.856238722801208496e-01
3.690904080867767334e-01
3.677656352519989014e-01
3.947782516479492188e-01
3.504588603973388672e-01
4.141167104244232178e-01
3.880289196968078613e-01
3.445136249065399170e-01
3.429861664772033691e-01
3.523781001567840576e-01
4.297754764556884766e-01
4.624453783035278320e-01
4.666426777839660645e-01
3.245840966701507568e-01
4.737850725650787354e-01
3.896266520023345947e-01
3.861438333988189697e-01
3.287488520145416260e-01
4.548807144165039062e-01
4.156951308250427246e-01
3.465503752231597900e-01
4.044678211212158203e-01
3.012315630912780762e-01
4.283208549022674561e-01
3.060972690582275391e-01
3.684981465339660645e-01
3.515309393405914307e-01
3.525456488132476807e-01
3.391262888908386230e-01
4.470007419586181641e-01
3.946256041526794434e-01
3.622473180294036865e-01
4.303531646728515625e-01
3.259656131267547607e-01
2.965116202831268311e-01
4.538289308547973633e-01
4.387642443180084229e-01
3.554896712303161621e-01
4.598253667354583740e-01
4.377882480621337891e-01
3.668395280838012695e-01
3.352258503437042236e-01
3.976014256477355957e-01
4.183357357978820801e-01
4.141834974288940430e-01
4.513518214225769043e-01
2.410285919904708862e-01
3.740882575511932373e-01
3.334370553493499756e-01
3.320264518260955811e-01
3.896017074584960938e-01
4.035035371780395508e-01
4.329252839088439941e-01
3.694049119949340820e-01
3.547137975692749023e-01
4.009674191474914551e-01
4.386449754238128662e-01
3.764904141426086426e-01
3.603855669498443604e-01
4.226373434066772461e-01
3.799463510513305664e-01
3.861072361469268799e-01
4.147585332393646240e-01
4.943674802780151367e-01
3.283431828022003174e-01
4.145675003528594971e-01
4.251140952110290527e-01
4.135626852512359619e-01
3.116178810596466064e-01
3.639326393604278564e-01
4.621259868144989014e-01
3.699656128883361816e-01
4.071338474750518799e-01
4.111911356449127197e-01
3.299044072628021240e-01
3.517281413078308105e-01
3.438172042369842529e-01
3.654220104217529297e-01
2.383237183094024658e-01
4.423698186874389648e-01
3.543317914009094238e-01
3.943110704421997070e-01
4.031044244766235352e-01
3.185673952102661133e-01
3.869620263576507568e-01
4.351027905941009521e-01
3.764049410820007324e-01
3.495570123195648193e-01
3.383844196796417236e-01
3.649173974990844727e-01
3.316109776496887207e-01
3.433998823165893555e-01
3.628724515438079834e-01
3.428862094879150391e-01
3.567955493927001953e-01
2.611584067344665527e-01
2.878035008907318115e-01
4.316796064376831055e-01
3.559554815292358398e-01
3.481722474098205566e-01
3.200643658638000488e-01
4.971243143081665039e-01
3.302892446517944336e-01
3.614952564239501953e-01
3.253636360168457031e-01
3.047523498535156250e-01
3.710214495658874512e-01
3.097106516361236572e-01
4.183708429336547852e-01
3.875885903835296631e-01
3.854338824748992920e-01
2.770804762840270996e-01
3.731629848480224609e-01
3.824290037155151367e-01
3.739368319511413574e-01
4.058294296264648438e-01
4.038417637348175049e-01
4.586293995380401611e-01
4.516021907329559326e-01
4.556086659431457520e-01
3.052484393119812012e-01
3.416136801242828369e-01
3.633529841899871826e-01
3.255470097064971924e-01
5.126045346260070801e-01
3.394921422004699707e-01
4.108455181121826172e-01
2.998702824115753174e-01
3.738462626934051514e-01
4.089030623435974121e-01
3.508667349815368652e-01
3.492144942283630371e-01
3.367785215377807617e-01
3.780320882797241211e-01
3.266879618167877197e-01
2.945978343486785889e-01
4.486449360847473145e-01
3.377200961112976074e-01
3.953369855880737305e-01
4.120179712772369385e-01
3.439908325672149658e-01
3.186951279640197754e-01
3.243546187877655029e-01
3.917066156864166260e-01
3.366377055644989014e-01
3.122405111789703369e-01
3.945078253746032715e-01
3.520117998123168945e-01
3.134798705577850342e-01
3.546510338783264160e-01
4.800907075405120850e-01
4.414713680744171143e-01
3.874571025371551514e-01
3.402241468429565430e-01
3.017241358757019043e-01
3.707199394702911377e-01
4.169390797615051270e-01
4.880756735801696777e-01
4.505335688591003418e-01
4.138861894607543945e-01
4.208939373493194580e-01
3.556866049766540527e-01
3.198463916778564453e-01
3.690739274024963379e-01
4.011332392692565918e-01
3.905898332595825195e-01
3.211736977100372314e-01
3.498126864433288574e-01
3.349055945873260498e-01
3.662917017936706543e-01
3.581376969814300537e-01
4.504692852497100830e-01
3.248153030872344971e-01
3.500033915042877197e-01
3.954847455024719238e-01
4.025280773639678955e-01
3.905981183052062988e-01
3.510832190513610840e-01
3.993922770023345947e-01
3.195245563983917236e-01
4.352295994758605957e-01
3.237322270870208740e-01
3.714948594570159912e-01
3.910150229930877686e-01
3.178273141384124756e-01
3.352003693580627441e-01
3.351746499538421631e-01
3.006491959095001221e-01
3.800584673881530762e-01
2.963103055953979492e-01
3.299521505832672119e-01
2.900109291076660156e-01
4.253162145614624023e-01
3.590610623359680176e-01
3.485520184040069580e-01
3.956873714923858643e-01
2.730498611927032471e-01
4.812948405742645264e-01
3.906201720237731934e-01
3.976660370826721191e-01
3.660364747047424316e-01
3.244108855724334717e-01
3.886975049972534180e-01
3.196921944618225098e-01
3.160521090030670166e-01
3.633390963077545166e-01
3.500079214572906494e-01
4.286058843135833740e-01
4.056460261344909668e-01
4.064894318580627441e-01
3.991149067878723145e-01
3.560535907745361328e-01
3.617583215236663818e-01
3.760168850421905518e-01
4.052096605300903320e-01
3.773349821567535400e-01
3.776922821998596191e-01
4.194951057434082031e-01
3.484964370727539062e-01
4.493658542633056641e-01
2.781951129436492920e-01
3.071039617061614990e-01
3.241432905197143555e-01
3.423875868320465088e-01
3.988640010356903076e-01
3.639162778854370117e-01
3.213243484497070312e-01
3.880527615547180176e-01
3.500832021236419678e-01
4.336271882057189941e-01
3.958327174186706543e-01
4.045415520668029785e-01
3.838832676410675049e-01
2.813749313354492188e-01
3.690592348575592041e-01
3.641763627529144287e-01
3.690674602985382080e-01
3.013866245746612549e-01
3.320725560188293457e-01
4.074274897575378418e-01
3.695195913314819336e-01
3.809384107589721680e-01
3.723695278167724609e-01
3.885765075683593750e-01
3.093017339706420898e-01
4.445028603076934814e-01
3.750523924827575684e-01
3.591286242008209229e-01
3.806840777397155762e-01
3.996435403823852539e-01
4.487474858760833740e-01
3.519766032695770264e-01
3.132402002811431885e-01
3.688781261444091797e-01
3.173499703407287598e-01
3.287501633167266846e-01
4.314559996128082275e-01
3.236418962478637695e-01
3.962957859039306641e-01
4.668073952198028564e-01
4.574935734272003174e-01
3.829247951507568359e-01
3.691575825214385986e-01
3.784371316432952881e-01
3.594478964805603027e-01
3.706138432025909424e-01
3.639915287494659424e-01
3.601932227611541748e-01
3.104366064071655273e-01
3.876391053199768066e-01
3.193023800849914551e-01
4.488443136215209961e-01
3.710373640060424805e-01
3.288496136665344238e-01
3.242175877094268799e-01
3.328863978385925293e-01
3.661303520202636719e-01
3.979531228542327881e-01
4.211879074573516846e-01
3.955460488796234131e-01
3.532099127769470215e-01
3.699915111064910889e-01
3.211410641670227051e-01
3.466951847076416016e-01
3.114075064659118652e-01
3.683212697505950928e-01
2.870489954948425293e-01
3.763281106948852539e-01
3.574372529983520508e-01
3.993440568447113037e-01
4.533216655254364014e-01
3.472810387611389160e-01
3.747088313102722168e-01
4.045729637145996094e-01
3.019853234291076660e-01
4.080210030078887939e-01
3.529879152774810791e-01
3.786070644855499268e-01
2.884919047355651855e-01
3.183516561985015869e-01
