6.260887980461120605e-01
6.383134126663208008e-01
5.890115499496459961e-01
5.665477514266967773e-01
5.549776554107666016e-01
5.662299394607543945e-01
5.330578684806823730e-01
5.671012997627258301e-01
5.649505257606506348e-01
4.759605228900909424e-01
4.987124800682067871e-01
6.150636672973632812e-01
6.314171552658081055e-01
6.182017922401428223e-01
5.904694199562072754e-01
5.886391401290893555e-01
6.241109371185302734e-01
5.034662485122680664e-01
5.623537898063659668e-01
5.188115239143371582e-01
5.374929308891296387e-01
5.932338833808898926e-01
5.981441736221313477e-01
6.230031251907348633e-01
6.123195290565490723e-01
5.103648304939270020e-01
5.140801668167114258e-01
5.191316008567810059e-01
4.547047317028045654e-01
5.306892395019531250e-01
5.308567881584167480e-01
5.236700773239135742e-01
5.075228214263916016e-01
5.667587518692016602e-01
4.979292750358581543e-01
4.789492487907409668e-01
4.670032858848571777e-01
5.177502632141113281e-01
5.025446414947509766e-01
5.689053535461425781e-01
5.806678533554077148e-01
4.887660145759582520e-01
5.611540079116821289e-01
5.573544502258300781e-01
6.274295449256896973e-01
5.390599370002746582e-01
5.521420240402221680e-01
5.098189711570739746e-01
5.131816267967224121e-01
5.617206692695617676e-01
5.375819206237792969e-01
5.578583478927612305e-01
5.537435412406921387e-01
4.972028136253356934e-01
5.213134288787841797e-01
5.055958032608032227e-01
6.108956336975097656e-01
4.950135946273803711e-01
4.946922361850738525e-01
4.962181448936462402e-01
5.128223299980163574e-01
5.026926994323730469e-01
5.827382802963256836e-01
5.258170366287231445e-01
5.298438072204589844e-01
5.188097953796386719e-01
5.328428149223327637e-01
4.983117282390594482e-01
5.524761676788330078e-01
4.544720053672790527e-01
4.605827331542968750e-01
5.550070405006408691e-01
4.861286282539367676e-01
4.399079084396362305e-01
4.895794093608856201e-01
5.103503465652465820e-01
4.494688510894775391e-01
5.156632065773010254e-01
5.140072107315063477e-01
5.148488879203796387e-01
4.939263164997100830e-01
4.876312017440795898e-01
5.719792842864990234e-01
4.626862108707427979e-01
4.575618505477905273e-01
4.782317280769348145e-01
4.649410843849182129e-01
3.398153185844421387e-01
4.752317368984222412e-01
5.272142887115478516e-01
4.581553041934967041e-01
5.693864822387695312e-01
4.575839936733245850e-01
4.919894039630889893e-01
4.676657617092132568e-01
4.894611239433288574e-01
4.920693635940551758e-01
4.777458906173706055e-01
4.634150266647338867e-01
4.399019777774810791e-01
4.662390947341918945e-01
4.590963423252105713e-01
4.711877703666687012e-01
4.558363854885101318e-01
3.832981884479522705e-01
4.017277061939239502e-01
3.991953134536743164e-01
5.506145358085632324e-01
4.694468080997467041e-01
4.777376949787139893e-01
4.568050205707550049e-01
4.252397418022155762e-01
4.682625234127044678e-01
4.580428004264831543e-01
4.230309426784515381e-01
4.565597772598266602e-01
4.658601582050323486e-01
3.926756978034973145e-01
4.741677641868591309e-01
4.299226105213165283e-01
4.216413497924804688e-01
4.667184352874755859e-01
4.322631657123565674e-01
4.256649017333984375e-01
4.131236970424652100e-01
3.770232498645782471e-01
3.891263306140899658e-01
3.810795843601226807e-01
3.833092749118804932e-01
3.706225454807281494e-01
4.030314981937408447e-01
4.670196771621704102e-01
3.923484981060028076e-01
4.427844285964965820e-01
4.479652047157287598e-01
4.571781754493713379e-01
4.173367917537689209e-01
4.049869179725646973e-01
4.188600480556488037e-01
3.941321969032287598e-01
5.544027686119079590e-01
3.955583572387695312e-01
4.555051624774932861e-01
4.902114570140838623e-01
4.572112262248992920e-01
4.015254974365234375e-01
4.194525480270385742e-01
4.656043648719787598e-01
4.269517958164215088e-01
3.839792311191558838e-01
4.316272437572479248e-01
3.831036090850830078e-01
3.849161565303802490e-01
4.519969224929809570e-01
5.460827946662902832e-01
4.396939575672149658e-01
3.841449618339538574e-01
3.789106011390686035e-01
4.664069414138793945e-01
4.915540814399719238e-01
4.395016133785247803e-01
4.335736930370330811e-01
4.171335697174072266e-01
4.479596316814422607e-01
4.123698770999908447e-01
3.957278728485107422e-01
4.624716341495513916e-01
5.100950002670288086e-01
4.960403144359588623e-01
3.650760054588317871e-01
4.903094768524169922e-01
4.385863542556762695e-01
4.188168942928314209e-01
4.432912766933441162e-01
4.868302941322326660e-01
3.936163187026977539e-01
4.242700338363647461e-01
4.510098695755004883e-01
4.627239704132080078e-01
3.463934361934661865e-01
3.426594138145446777e-01
4.487894177436828613e-01
4.222744405269622803e-01
3.095043897628784180e-01
4.187310636043548584e-01
4.493687152862548828e-01
4.325611889362335205e-01
3.478312492370605469e-01
3.675427138805389404e-01
3.937779664993286133e-01
3.773010969161987305e-01
5.013672113418579102e-01
4.120124876499176025e-01
3.904769122600555420e-01
4.576755464076995850e-01
4.423718750476837158e-01
3.708930313587188721e-01
4.094887077808380127e-01
3.770840764045715332e-01
3.952252566814422607e-01
4.247834682464599609e-01
4.277702271938323975e-01
3.906794488430023193e-01
4.569520652294158936e-01
3.972980380058288574e-01
3.836553394794464111e-01
4.222530722618103027e-01
3.076909482479095459e-01
3.446307480335235596e-01
4.119182825088500977e-01
4.381028711795806885e-01
3.747214674949645996e-01
4.698783159255981445e-01
4.008551239967346191e-01
4.375827610492706299e-01
3.813616931438446045e-01
4.087936580181121826e-01
4.013646841049194336e-01
3.561561107635498047e-01
3.995336890220642090e-01
4.735940396785736084e-01
3.385207056999206543e-01
3.583443760871887207e-01
3.506631553173065186e-01
4.295817911624908447e-01
4.450466334819793701e-01
4.714424610137939453e-01
4.040569961071014404e-01
3.774789571762084961e-01
3.887158632278442383e-01
3.766799271106719971e-01
4.529719948768615723e-01
3.986727595329284668e-01
4.688628315925598145e-01
4.514243602752685547e-01
3.524743020534515381e-01
3.851961791515350342e-01
3.999399244785308838e-01
4.226544499397277832e-01
3.655017018318176270e-01
3.010606169700622559e-01
4.035434424877166748e-01
3.681568503379821777e-01
3.359048664569854736e-01
4.333960115909576416e-01
5.021780729293823242e-01
3.761133253574371338e-01
3.830178678035736084e-01
3.923712372779846191e-01
2.842558622360229492e-01
3.846298456192016602e-01
3.587728738784790039e-01
3.886379003524780273e-01
3.624976277351379395e-01
3.716890811920166016e-01
4.078034460544586182e-01
3.687406778335571289e-01
3.891303241252899170e-01
4.467762112617492676e-01
4.402916133403778076e-01
4.180918335914611816e-01
3.945539593696594238e-01
3.610666990280151367e-01
3.933010101318359375e-01
4.209187030792236328e-01
4.852814078330993652e-01
4.415033757686614990e-01
3.422228097915649414e-01
3.651873767375946045e-01
3.639968931674957275e-01
3.890725374221801758e-01
4.449326992034912109e-01
3.607897758483886719e-01
4.441071748733520508e-01
3.706603348255157471e-01
4.085001349449157715e-01
4.446999430656433105e-01
4.032519459724426270e-01
3.303136229515075684e-01
3.753856420516967773e-01
3.571162223815917969e-01
3.406327068805694580e-01
5.105009675025939941e-01
4.774825572967529297e-01
4.598847627639770508e-01
4.228293001651763916e-01
4.444555938243865967e-01
4.307994842529296875e-01
4.588628411293029785e-01
4.052023887634277344e-01
3.516604602336883545e-01
4.259463846683502197e-01
4.082646369934082031e-01
4.285486340522766113e-01
4.526294171810150146e-01
4.028953313827514648e-01
4.183123111724853516e-01
4.355980455875396729e-01
3.751814663410186768e-01
4.368680417537689209e-01
3.938001990318298340e-01
3.999567329883575439e-01
4.137535095214843750e-01
3.623476922512054443e-01
3.533269762992858887e-01
4.209218621253967285e-01
3.311430513858795166e-01
3.692815303802490234e-01
5.057067871093750000e-01
3.857604563236236572e-01
3.275408744812011719e-01
3.656349182128906250e-01
3.809898197650909424e-01
4.322619438171386719e-01
3.860397636890411377e-01
3.909218013286590576e-01
4.313058257102966309e-01
3.560208082199096680e-01
4.530925452709197998e-01
3.931467831134796143e-01
3.249191641807556152e-01
4.324918687343597412e-01
3.510583639144897461e-01
4.030938446521759033e-01
3.441203236579895020e-01
3.777576982975006104e-01
4.393174946308135986e-01
4.150702059268951416e-01
3.897078335285186768e-01
3.901626169681549072e-01
3.861401081085205078e-01
3.970250189304351807e-01
3.198736906051635742e-01
3.728559613227844238e-01
4.157593548297882080e-01
4.340121746063232422e-01
4.740980863571166992e-01
4.180571734905242920e-01
4.007823765277862549e-01
3.282896578311920166e-01
3.766368925571441650e-01
3.448437154293060303e-01
3.941001296043395996e-01
3.975263833999633789e-01
3.031311929225921631e-01
4.726295173168182373e-01
4.059388041496276855e-01
3.992347419261932373e-01
3.730358183383941650e-01
3.124859035015106201e-01
3.753278553485870361e-01
3.658707737922668457e-01
4.057089388370513916e-01
3.577987253665924072e-01
4.324661791324615479e-01
4.296415448188781738e-01
4.036631584167480469e-01
3.925529420375823975e-01
2.973483502864837646e-01
4.223319590091705322e-01
3.163717985153198242e-01
3.421717286109924316e-01
3.317968249320983887e-01
3.611713945865631104e-01
4.680777788162231445e-01
3.396705090999603271e-01
3.569972813129425049e-01
3.342934250831604004e-01
3.893413841724395752e-01
4.685589671134948730e-01
3.715097606182098389e-01
3.427638113498687744e-01
4.113182723522186279e-01
4.085528254508972168e-01
4.491553008556365967e-01
4.297127723693847656e-01
4.764117300510406494e-01
3.603337705135345459e-01
4.127931296825408936e-01
4.004716873168945312e-01
3.814144134521484375e-01
3.961409628391265869e-01
3.870162963867187500e-01
4.284000992774963379e-01
4.182176589965820312e-01
4.038631319999694824e-01
3.289363086223602295e-01
3.911055624485015869e-01
3.760488629341125488e-01
4.780252873897552490e-01
3.353713154792785645e-01
3.927206993103027344e-01
3.758682012557983398e-01
4.886896014213562012e-01
3.119376897811889648e-01
3.120679259300231934e-01
3.592484891414642334e-01
3.907308578491210938e-01
3.893137276172637939e-01
3.243752419948577881e-01
4.477411806583404541e-01
2.760361135005950928e-01
4.384447038173675537e-01
3.856415748596191406e-01
3.674185872077941895e-01
4.690757691860198975e-01
4.149526357650756836e-01
4.174362719058990479e-01
3.771495223045349121e-01
3.943049311637878418e-01
4.397348761558532715e-01
4.915525019168853760e-01
3.771302103996276855e-01
3.984372913837432861e-01
4.031198024749755859e-01
2.925829589366912842e-01
4.333870708942413330e-01
4.300197064876556396e-01
3.946289420127868652e-01
4.045329391956329346e-01
4.166652560234069824e-01
2.897023558616638184e-01
4.206360578536987305e-01
3.209327459335327148e-01
3.955745100975036621e-01
3.274937570095062256e-01
4.561479687690734863e-01
3.787180185317993164e-01
3.883097469806671143e-01
3.412904441356658936e-01
4.437943994998931885e-01
5.050348043441772461e-01
4.226457476615905762e-01
4.143535494804382324e-01
3.716280460357666016e-01
3.010530769824981689e-01
3.735924959182739258e-01
3.225814104080200195e-01
2.706203758716583252e-01
3.763227462768554688e-01
4.263698160648345947e-01
4.132862389087677002e-01
3.431838154792785645e-01
3.447307348251342773e-01
3.650214374065399170e-01
3.786422908306121826e-01
4.042885303497314453e-01
2.519586086273193359e-01
4.164739251136779785e-01
5.457745194435119629e-01
4.152400493621826172e-01
3.795588910579681396e-01
4.215113520622253418e-01
3.666077256202697754e-01
4.014652371406555176e-01
3.712463676929473877e-01
3.856200575828552246e-01
4.088404476642608643e-01
3.835757970809936523e-01
3.858983516693115234e-01
3.370694518089294434e-01
3.752418160438537598e-01
3.036770820617675781e-01
5.231534242630004883e-01
3.789444267749786377e-01
3.877091109752655029e-01
3.541259169578552246e-01
3.674799799919128418e-01
3.702861368656158447e-01
2.999909222126007080e-01
3.295622467994689941e-01
4.177739322185516357e-01
3.832784891128540039e-01
3.598322868347167969e-01
2.843520045280456543e-01
4.879962801933288574e-01
4.296669661998748779e-01
3.373428285121917725e-01
4.221401214599609375e-01
3.648797869682312012e-01
3.808676004409790039e-01
3.890717327594757080e-01
4.403567016124725342e-01
3.962953090667724609e-01
3.942772448062896729e-01
3.587107658386230469e-01
3.765484094619750977e-01
3.507868051528930664e-01
3.171072900295257568e-01
3.880985379219055176e-01
3.885949850082397461e-01
3.447828292846679688e-01
4.810019731521606445e-01
3.621311485767364502e-01
3.493720591068267822e-01
4.089279770851135254e-01
3.682104945182800293e-01
3.652935624122619629e-01
4.437648057937622070e-01
4.063923954963684082e-01
3.017162978649139404e-01
3.508665263652801514e-01
3.862356245517730713e-01
4.078041315078735352e-01
2.782064080238342285e-01
4.611652791500091553e-01
3.908015787601470947e-01
3.516889512538909912e-01
3.422067165374755859e-01
3.539543151855468750e-01
4.186732769012451172e-01
3.965134620666503906e-01
3.485029637813568115e-01
3.720081448554992676e-01
4.374543130397796631e-01
3.163492083549499512e-01
3.846958875656127930e-01
3.927174806594848633e-01
3.131044805049896240e-01
3.869681060314178467e-01
3.911175727844238281e-01
2.721911668777465820e-01
3.780588209629058838e-01
4.068023860454559326e-01
3.486101329326629639e-01
3.464527428150177002e-01
4.219021201133728027e-01
3.707308769226074219e-01
3.773018717765808105e-01
3.987173438072204590e-01
3.391483128070831299e-01
3.649745881557464600e-01
3.774384260177612305e-01
3.450638353824615479e-01
3.505509197711944580e-01
2.851036787033081055e-01
3.127386569976806641e-01
2.794139087200164795e-01
4.083386957645416260e-01
3.267419636249542236e-01
4.353235661983489990e-01
4.000826776027679443e-01
3.217181265354156494e-01
4.072683453559875488e-01
3.940290510654449463e-01
3.816187381744384766e-01
3.159867525100708008e-01
4.142316281795501709e-01
3.832308650016784668e-01
4.481674134731292725e-01
3.295847773551940918e-01
3.642295002937316895e-01
3.621965646743774414e-01
3.868409693241119385e-01
3.421730399131774902e-01
3.177581131458282471e-01
3.744226694107055664e-01
3.299636542797088623e-01
3.337088823318481445e-01
3.184211552143096924e-01
2.691326737403869629e-01
3.820744752883911133e-01
3.214413821697235107e-01
4.394385814666748047e-01
3.287563920021057129e-01
4.540173113346099854e-01
3.465338051319122314e-01
3.347314894199371338e-01
3.648139238357543945e-01
3.838152289390563965e-01
2.766062617301940918e-01
4.737748801708221436e-01
4.048650860786437988e-01
4.162123501300811768e-01
4.781868755817413330e-01
3.629430234432220459e-01
2.645737826824188232e-01
3.564189076423645020e-01
4.404966831207275391e-01
3.163253664970397949e-01
4.203677177429199219e-01
3.583617210388183594e-01
3.575452566146850586e-01
4.155609607696533203e-01
3.549425005912780762e-01
2.897060215473175049e-01
3.980343341827392578e-01
3.208244442939758301e-01
3.638133704662322998e-01
3.670784235000610352e-01
3.642922639846801758e-01
3.031146228313446045e-01
4.053906798362731934e-01
3.566198348999023438e-01
3.486690521240234375e-01
3.611432611942291260e-01
3.206402361392974854e-01
3.480877876281738281e-01
4.120306372642517090e-01
4.002172350883483887e-01
3.353542387485504150e-01
3.534373342990875244e-01
3.168041110038757324e-01
4.389225244522094727e-01
3.745061755180358887e-01
3.249344825744628906e-01
3.901849985122680664e-01
2.962253689765930176e-01
3.036649823188781738e-01
4.024299979209899902e-01
3.029717206954956055e-01
1.681400388479232788e-01
