6.735899448394775391e-01
6.561443805694580078e-01
6.400126218795776367e-01
5.978360772132873535e-01
6.141471862792968750e-01
5.556393265724182129e-01
6.151595115661621094e-01
5.561712384223937988e-01
5.661000013351440430e-01
6.026943922042846680e-01
6.462962031364440918e-01
4.914911389350891113e-01
5.287753939628601074e-01
5.981162786483764648e-01
5.941560864448547363e-01
5.654547214508056641e-01
4.762792289257049561e-01
6.301506161689758301e-01
6.187449693679809570e-01
5.377551317214965820e-01
5.269248485565185547e-01
5.916873216629028320e-01
5.830633640289306641e-01
5.346779823303222656e-01
4.829878509044647217e-01
5.517636537551879883e-01
5.486086010932922363e-01
5.671173930168151855e-01
5.568773150444030762e-01
5.230703353881835938e-01
4.865782856941223145e-01
5.623466968536376953e-01
4.248860478401184082e-01
5.234693288803100586e-01
4.501847028732299805e-01
5.982087850570678711e-01
5.660809874534606934e-01
6.023273468017578125e-01
5.412633419036865234e-01
5.844479799270629883e-01
5.638090372085571289e-01
5.429368019104003906e-01
5.599041581153869629e-01
5.137400627136230469e-01
5.936212539672851562e-01
5.152156352996826172e-01
5.497573614120483398e-01
5.003025531768798828e-01
5.140016078948974609e-01
5.231073498725891113e-01
5.042349696159362793e-01
5.468567609786987305e-01
5.425213575363159180e-01
6.258971691131591797e-01
5.530121326446533203e-01
5.576896667480468750e-01
5.652418732643127441e-01
5.412513017654418945e-01
5.725126862525939941e-01
5.081325173377990723e-01
5.161585807800292969e-01
4.847799837589263916e-01
5.450840592384338379e-01
5.097934007644653320e-01
5.211853384971618652e-01
5.584303140640258789e-01
5.173588395118713379e-01
4.635438919067382812e-01
4.793243706226348877e-01
5.032181739807128906e-01
4.994372129440307617e-01
5.571195483207702637e-01
5.302065610885620117e-01
4.624878764152526855e-01
5.714418888092041016e-01
4.792053699493408203e-01
4.933495521545410156e-01
4.964850544929504395e-01
4.680510759353637695e-01
4.805190563201904297e-01
4.804101288318634033e-01
4.670723974704742432e-01
5.595533847808837891e-01
4.179864227771759033e-01
4.321286082267761230e-01
4.302152097225189209e-01
4.840262830257415771e-01
4.561720490455627441e-01
4.908353388309478760e-01
4.935225546360015869e-01
4.591945111751556396e-01
5.058034658432006836e-01
4.483973681926727295e-01
4.066437482833862305e-01
5.850325226783752441e-01
4.931998252868652344e-01
4.237591624259948730e-01
4.454389512538909912e-01
4.410925507545471191e-01
4.541250765323638916e-01
4.462964236736297607e-01
4.168661534786224365e-01
4.120364785194396973e-01
3.805120587348937988e-01
4.167570471763610840e-01
4.250335991382598877e-01
3.837495446205139160e-01
3.657408952713012695e-01
3.772304058074951172e-01
4.221739172935485840e-01
3.741880059242248535e-01
4.300634264945983887e-01
4.313778877258300781e-01
4.086408317089080811e-01
4.662382900714874268e-01
3.838317096233367920e-01
4.045782387256622314e-01
3.601981997489929199e-01
4.888089299201965332e-01
5.643809437751770020e-01
3.488829433917999268e-01
4.930029213428497314e-01
3.753884732723236084e-01
5.253688693046569824e-01
4.685646891593933105e-01
3.920351862907409668e-01
4.292184710502624512e-01
4.359784722328186035e-01
3.709008693695068359e-01
3.658142685890197754e-01
3.251422047615051270e-01
4.552186131477355957e-01
4.451816380023956299e-01
4.486819803714752197e-01
4.047672152519226074e-01
4.236084818840026855e-01
4.208968877792358398e-01
5.177907943725585938e-01
3.897166848182678223e-01
3.418995141983032227e-01
3.012853264808654785e-01
4.416373372077941895e-01
5.264985561370849609e-01
3.676201105117797852e-01
4.848157167434692383e-01
3.940645754337310791e-01
4.386112689971923828e-01
3.737543225288391113e-01
4.973493218421936035e-01
3.729545474052429199e-01
3.671868443489074707e-01
3.879278004169464111e-01
4.193850159645080566e-01
4.737530052661895752e-01
4.069722294807434082e-01
4.629660248756408691e-01
3.489773869514465332e-01
5.011620521545410156e-01
4.383277297019958496e-01
5.028944611549377441e-01
3.926532864570617676e-01
4.196658134460449219e-01
4.298303723335266113e-01
3.637665212154388428e-01
3.977753221988677979e-01
3.503878116607666016e-01
3.666556179523468018e-01
3.994644284248352051e-01
3.958687484264373779e-01
4.087331593036651611e-01
3.415000736713409424e-01
4.096750915050506592e-01
3.767382204532623291e-01
4.119648933410644531e-01
3.743821978569030762e-01
4.288394153118133545e-01
3.001133501529693604e-01
3.670510053634643555e-01
4.965862035751342773e-01
3.828099370002746582e-01
3.729410469532012939e-01
4.278119802474975586e-01
3.847171664237976074e-01
3.475971817970275879e-01
3.944724500179290771e-01
3.564631938934326172e-01
3.279764056205749512e-01
4.203954041004180908e-01
2.926791012287139893e-01
4.657903611660003662e-01
3.343210518360137939e-01
4.534333348274230957e-01
4.165128171443939209e-01
4.439851641654968262e-01
4.291480183601379395e-01
4.139269590377807617e-01
4.142476320266723633e-01
4.204035401344299316e-01
5.112856626510620117e-01
3.698744177818298340e-01
3.444224596023559570e-01
3.971602618694305420e-01
3.486031591892242432e-01
3.948382437229156494e-01
3.384571671485900879e-01
4.012672007083892822e-01
3.959955573081970215e-01
4.089314341545104980e-01
3.463109731674194336e-01
3.684387207031250000e-01
3.490111231803894043e-01
3.106694817543029785e-01
3.940846323966979980e-01
4.113854765892028809e-01
4.003935456275939941e-01
3.973350524902343750e-01
4.169074296951293945e-01
3.625020384788513184e-01
3.917092978954315186e-01
4.588190615177154541e-01
3.593303859233856201e-01
3.808155655860900879e-01
3.161165714263916016e-01
2.760845422744750977e-01
4.243364334106445312e-01
3.722160756587982178e-01
3.752070069313049316e-01
4.870653152465820312e-01
3.594779968261718750e-01
4.098756313323974609e-01
4.163501858711242676e-01
4.839477539062500000e-01
4.211632907390594482e-01
4.096837639808654785e-01
3.753672540187835693e-01
4.176262021064758301e-01
3.806993067264556885e-01
4.540401101112365723e-01
3.259053230285644531e-01
3.741071820259094238e-01
3.979501426219940186e-01
5.414112210273742676e-01
4.626062512397766113e-01
3.996006250381469727e-01
4.357148408889770508e-01
4.400580823421478271e-01
3.997755944728851318e-01
4.725619554519653320e-01
4.550862610340118408e-01
4.201125502586364746e-01
3.462510406970977783e-01
3.973343968391418457e-01
4.273788928985595703e-01
4.948144555091857910e-01
4.107418358325958252e-01
3.955525755882263184e-01
3.254884481430053711e-01
5.186329483985900879e-01
3.283182978630065918e-01
3.406244516372680664e-01
3.620006442070007324e-01
4.051954150199890137e-01
3.613768815994262695e-01
3.689946532249450684e-01
3.234292864799499512e-01
4.220345318317413330e-01
3.423231840133666992e-01
4.695198237895965576e-01
3.437500298023223877e-01
4.434438347816467285e-01
4.409219324588775635e-01
3.185033798217773438e-01
4.062623679637908936e-01
3.783771097660064697e-01
3.556457161903381348e-01
4.111017584800720215e-01
3.729872107505798340e-01
4.575662612915039062e-01
4.046363532543182373e-01
4.945582449436187744e-01
4.583626687526702881e-01
3.594964146614074707e-01
4.277336597442626953e-01
3.883197605609893799e-01
3.471888601779937744e-01
4.399268627166748047e-01
3.704549074172973633e-01
3.837010860443115234e-01
3.760938942432403564e-01
3.701033592224121094e-01
3.430448174476623535e-01
3.403849601745605469e-01
3.421361744403839111e-01
4.234150052070617676e-01
4.842157959938049316e-01
3.753855228424072266e-01
3.510904610157012939e-01
3.821325004100799561e-01
3.930982947349548340e-01
3.616949021816253662e-01
3.456051051616668701e-01
3.675536811351776123e-01
4.573227167129516602e-01
3.705977797508239746e-01
4.421299099922180176e-01
3.870936036109924316e-01
4.378216564655303955e-01
3.332882225513458252e-01
3.781362175941467285e-01
3.695504665374755859e-01
3.520249724388122559e-01
3.314715325832366943e-01
3.158922195434570312e-01
3.527903258800506592e-01
2.986089587211608887e-01
4.136303365230560303e-01
3.378152251243591309e-01
3.818819522857666016e-01
3.628341555595397949e-01
4.253782331943511963e-01
3.130338191986083984e-01
3.793898224830627441e-01
4.980067908763885498e-01
3.714433312416076660e-01
4.343113899230957031e-01
4.091631472110748291e-01
4.561180472373962402e-01
4.294508695602416992e-01
4.476182758808135986e-01
4.366279840469360352e-01
4.319567382335662842e-01
3.432143330574035645e-01
3.743478953838348389e-01
3.328616023063659668e-01
3.527799546718597412e-01
3.760954141616821289e-01
4.154182076454162598e-01
3.910549879074096680e-01
3.355254530906677246e-01
4.205886423587799072e-01
3.237644135951995850e-01
3.632956445217132568e-01
4.080153107643127441e-01
3.107127845287322998e-01
3.659238815307617188e-01
4.429574906826019287e-01
3.398339450359344482e-01
3.461395502090454102e-01
4.972251653671264648e-01
3.712836503982543945e-01
3.935505747795104980e-01
2.814204990863800049e-01
4.199115335941314697e-01
4.121666848659515381e-01
3.841830492019653320e-01
3.933517932891845703e-01
5.270196795463562012e-01
3.905958831310272217e-01
3.602385222911834717e-01
3.819491565227508545e-01
3.105773031711578369e-01
3.992819488048553467e-01
4.245721697807312012e-01
4.151615500450134277e-01
4.356232881546020508e-01
3.524168729782104492e-01
4.447117447853088379e-01
3.911769390106201172e-01
4.905991256237030029e-01
3.722053468227386475e-01
3.275262713432312012e-01
4.009095132350921631e-01
4.580498635768890381e-01
4.240858256816864014e-01
4.358388185501098633e-01
3.474977612495422363e-01
3.963734507560729980e-01
3.488766551017761230e-01
4.266861081123352051e-01
4.096255302429199219e-01
4.484848380088806152e-01
3.907652497291564941e-01
4.094413816928863525e-01
4.346386492252349854e-01
4.899226427078247070e-01
4.395315051078796387e-01
3.670904040336608887e-01
3.739748001098632812e-01
3.830206096172332764e-01
4.077898561954498291e-01
3.602638542652130127e-01
3.558297157287597656e-01
3.443931639194488525e-01
4.112381339073181152e-01
4.120214581489562988e-01
3.944800496101379395e-01
3.487936556339263916e-01
4.478491544723510742e-01
4.492669701576232910e-01
4.167078733444213867e-01
3.312440514564514160e-01
3.483907282352447510e-01
4.034744799137115479e-01
3.759563863277435303e-01
3.912553489208221436e-01
3.373902738094329834e-01
3.457050025463104248e-01
5.588895082473754883e-01
3.720030784606933594e-01
3.399204313755035400e-01
3.736772537231445312e-01
3.550959527492523193e-01
3.570351004600524902e-01
4.038110077381134033e-01
4.258848428726196289e-01
4.944877624511718750e-01
3.949245214462280273e-01
4.468117654323577881e-01
4.247115850448608398e-01
4.034398198127746582e-01
3.731514513492584229e-01
3.640976548194885254e-01
4.051484763622283936e-01
4.382314682006835938e-01
3.155244886875152588e-01
4.132613241672515869e-01
3.632767796516418457e-01
3.235375881195068359e-01
5.201963782310485840e-01
3.674138784408569336e-01
4.026763439178466797e-01
3.800828456878662109e-01
3.283379673957824707e-01
3.723726272583007812e-01
4.070278108119964600e-01
3.530663251876831055e-01
3.630572259426116943e-01
4.077813625335693359e-01
4.194607436656951904e-01
3.482950925827026367e-01
2.670233249664306641e-01
3.218446373939514160e-01
3.687573671340942383e-01
3.662386834621429443e-01
3.719859719276428223e-01
3.374222815036773682e-01
3.743779361248016357e-01
3.185166716575622559e-01
2.209720611572265625e-01
4.210152029991149902e-01
4.085845351219177246e-01
3.376515209674835205e-01
3.905541300773620605e-01
4.003399610519409180e-01
3.549263477325439453e-01
3.201203644275665283e-01
4.549839794635772705e-01
4.067385196685791016e-01
3.415933847427368164e-01
3.807312548160552979e-01
4.144682884216308594e-01
3.039450645446777344e-01
3.720099031925201416e-01
2.836962640285491943e-01
3.846638500690460205e-01
2.882553040981292725e-01
3.547447919845581055e-01
4.093307852745056152e-01
3.425534963607788086e-01
3.798887729644775391e-01
3.030598461627960205e-01
4.149806201457977295e-01
4.657734036445617676e-01
2.973908782005310059e-01
3.373818695545196533e-01
3.149881660938262939e-01
3.140833079814910889e-01
3.282340764999389648e-01
4.369770884513854980e-01
3.396191895008087158e-01
2.814968526363372803e-01
4.078019261360168457e-01
4.106860458850860596e-01
5.101302862167358398e-01
3.837653696537017822e-01
3.080218434333801270e-01
4.234001040458679199e-01
3.596288561820983887e-01
3.441466093063354492e-01
4.249937236309051514e-01
3.358187079429626465e-01
2.250357717275619507e-01
3.818556070327758789e-01
3.760187029838562012e-01
4.207496345043182373e-01
3.340234160423278809e-01
3.882852196693420410e-01
3.278259932994842529e-01
3.292531669139862061e-01
4.194234609603881836e-01
3.260009586811065674e-01
3.656922578811645508e-01
3.194571435451507568e-01
3.697377443313598633e-01
3.147101104259490967e-01
3.151307404041290283e-01
4.177461266517639160e-01
3.919852972030639648e-01
4.106743037700653076e-01
3.030576705932617188e-01
4.774784445762634277e-01
3.806249201297760010e-01
2.857069671154022217e-01
3.488658070564270020e-01
5.104557871818542480e-01
2.857737541198730469e-01
4.157276451587677002e-01
3.729481101036071777e-01
3.740718364715576172e-01
3.879990279674530029e-01
4.408043324947357178e-01
4.040289223194122314e-01
3.599056303501129150e-01
3.662131726741790771e-01
3.979009091854095459e-01
3.271946012973785400e-01
4.695410132408142090e-01
3.706565499305725098e-01
3.653018772602081299e-01
3.265673518180847168e-01
3.148984909057617188e-01
3.587257862091064453e-01
4.492009282112121582e-01
2.913976907730102539e-01
3.630050420761108398e-01
3.321435153484344482e-01
3.887859582901000977e-01
3.385162949562072754e-01
3.581141531467437744e-01
4.333750009536743164e-01
4.177079200744628906e-01
3.305773735046386719e-01
3.788918256759643555e-01
4.345842897891998291e-01
3.378668427467346191e-01
3.976765573024749756e-01
4.149068892002105713e-01
4.318731129169464111e-01
3.610655069351196289e-01
3.687857091426849365e-01
4.225738644599914551e-01
4.005408287048339844e-01
4.098135232925415039e-01
3.949600756168365479e-01
4.000182747840881348e-01
4.610575735569000244e-01
3.424639105796813965e-01
3.620898127555847168e-01
3.028169572353363037e-01
3.669381141662597656e-01
3.124045431613922119e-01
2.983455061912536621e-01
3.603878617286682129e-01
2.913373708724975586e-01
3.783437013626098633e-01
3.382691740989685059e-01
3.479106128215789795e-01
2.900137007236480713e-01
3.923130631446838379e-01
4.045681357383728027e-01
4.089292883872985840e-01
3.157285749912261963e-01
3.515292108058929443e-01
2.920015454292297363e-01
3.686826527118682861e-01
3.838077485561370850e-01
4.732460677623748779e-01
3.656675219535827637e-01
3.830825090408325195e-01
2.975337207317352295e-01
3.442690968513488770e-01
3.008983135223388672e-01
3.662889599800109863e-01
3.054784834384918213e-01
3.745174407958984375e-01
4.683464169502258301e-01
3.227788507938385010e-01
3.944724798202514648e-01
3.891698420047760010e-01
3.569406569004058838e-01
3.092133998870849609e-01
3.916320800781250000e-01
3.525689542293548584e-01
3.323531746864318848e-01
2.964083254337310791e-01
4.627169966697692871e-01
2.983792424201965332e-01
3.709320425987243652e-01
3.692293167114257812e-01
3.565340340137481689e-01
4.071879088878631592e-01
3.408935964107513428e-01
2.874571979045867920e-01
4.233122169971466064e-01
3.201512992382049561e-01
3.991813659667968750e-01
3.003995120525360107e-01
3.099000751972198486e-01
4.395581185817718506e-01
3.571075201034545898e-01
3.935509622097015381e-01
3.728465139865875244e-01
