7.675713300704956055e-01
7.348165512084960938e-01
7.017418146133422852e-01
6.779960989952087402e-01
6.542009711265563965e-01
6.531916260719299316e-01
6.349169015884399414e-01
6.433549523353576660e-01
6.318944692611694336e-01
6.162101626396179199e-01
6.106300950050354004e-01
5.802265405654907227e-01
5.522079467773437500e-01
5.790045857429504395e-01
5.560575127601623535e-01
5.781635046005249023e-01
5.650381445884704590e-01
5.800791382789611816e-01
5.340065360069274902e-01
5.188999772071838379e-01
6.035508513450622559e-01
5.544152855873107910e-01
6.274527311325073242e-01
5.033175945281982422e-01
5.929888486862182617e-01
5.629700422286987305e-01
6.425825357437133789e-01
5.686765313148498535e-01
5.403816699981689453e-01
6.608601808547973633e-01
5.313184261322021484e-01
5.619530677795410156e-01
5.658355951309204102e-01
5.715895891189575195e-01
6.144093871116638184e-01
6.129068136215209961e-01
5.106246471405029297e-01
4.797055125236511230e-01
5.090327858924865723e-01
6.173804998397827148e-01
5.260364413261413574e-01
5.586707592010498047e-01
5.163904428482055664e-01
5.739158391952514648e-01
5.296842455863952637e-01
6.123651266098022461e-01
5.927959084510803223e-01
4.929005503654479980e-01
5.878167748451232910e-01
5.089386105537414551e-01
5.328709483146667480e-01
4.906705617904663086e-01
5.920045375823974609e-01
5.393179655075073242e-01
6.100552678108215332e-01
4.306885898113250732e-01
6.071458458900451660e-01
5.676718950271606445e-01
5.927161574363708496e-01
5.377247929573059082e-01
4.543691873550415039e-01
5.626912713050842285e-01
5.163104534149169922e-01
4.919328093528747559e-01
4.916563630104064941e-01
5.056288242340087891e-01
5.621585249900817871e-01
6.759532094001770020e-01
5.809038877487182617e-01
5.713936090469360352e-01
5.058566927909851074e-01
5.025061964988708496e-01
5.124353766441345215e-01
5.165787339210510254e-01
5.213896036148071289e-01
5.395121574401855469e-01
5.566688776016235352e-01
5.782049894332885742e-01
5.058315992355346680e-01
5.608640909194946289e-01
5.019343495368957520e-01
5.405598282814025879e-01
4.893295168876647949e-01
4.583646953105926514e-01
4.370892047882080078e-01
6.207376718521118164e-01
4.981113374233245850e-01
5.242570638656616211e-01
5.310609340667724609e-01
4.786798655986785889e-01
5.320109724998474121e-01
4.990553259849548340e-01
4.416452646255493164e-01
4.493040442466735840e-01
5.236554741859436035e-01
4.997418522834777832e-01
4.707943499088287354e-01
4.813116192817687988e-01
5.416604876518249512e-01
4.846503436565399170e-01
5.083730816841125488e-01
4.780906438827514648e-01
4.947518706321716309e-01
5.208706855773925781e-01
4.618515372276306152e-01
4.871293902397155762e-01
4.224706590175628662e-01
3.890699744224548340e-01
5.537267327308654785e-01
4.259061515331268311e-01
4.494344592094421387e-01
4.103924036026000977e-01
4.587598145008087158e-01
4.173882901668548584e-01
4.338392019271850586e-01
4.536126255989074707e-01
5.392383933067321777e-01
4.159691929817199707e-01
4.543226063251495361e-01
3.875854015350341797e-01
4.277879893779754639e-01
4.514516592025756836e-01
4.731361269950866699e-01
4.543648660182952881e-01
4.269309937953948975e-01
4.778787791728973389e-01
4.640786349773406982e-01
3.887653350830078125e-01
3.462494611740112305e-01
4.464081525802612305e-01
4.761292338371276855e-01
4.750300645828247070e-01
4.674845337867736816e-01
4.816363751888275146e-01
3.986620306968688965e-01
4.144373238086700439e-01
4.871963858604431152e-01
4.711281359195709229e-01
4.240235090255737305e-01
4.691441655158996582e-01
3.815546035766601562e-01
4.147397875785827637e-01
4.221276938915252686e-01
4.584012627601623535e-01
5.019294619560241699e-01
4.453296065330505371e-01
5.134338140487670898e-01
3.803412914276123047e-01
4.633203148841857910e-01
3.819094300270080566e-01
4.840552508831024170e-01
4.534405171871185303e-01
4.318760037422180176e-01
5.619117617607116699e-01
4.709590971469879150e-01
4.088580310344696045e-01
4.241773784160614014e-01
3.074305951595306396e-01
4.377737939357757568e-01
4.021992087364196777e-01
3.911696374416351318e-01
4.555300474166870117e-01
4.142071604728698730e-01
4.600995779037475586e-01
4.186476469039916992e-01
4.379040002822875977e-01
4.208759367465972900e-01
4.522123336791992188e-01
4.352410733699798584e-01
4.756096005439758301e-01
3.823679983615875244e-01
4.043836891651153564e-01
3.994197547435760498e-01
3.888773620128631592e-01
4.159387946128845215e-01
3.407123386859893799e-01
3.334774672985076904e-01
3.900122046470642090e-01
4.285400807857513428e-01
3.467359542846679688e-01
5.067198276519775391e-01
3.394027352333068848e-01
4.032324850559234619e-01
4.120881557464599609e-01
4.020611047744750977e-01
4.225208163261413574e-01
3.432647585868835449e-01
3.631839752197265625e-01
3.706459403038024902e-01
4.102029502391815186e-01
4.939585626125335693e-01
4.829355776309967041e-01
4.121510684490203857e-01
3.825813829898834229e-01
3.484830260276794434e-01
4.237827062606811523e-01
3.711486458778381348e-01
3.585509061813354492e-01
3.785557448863983154e-01
3.288951218128204346e-01
3.470555543899536133e-01
3.925248980522155762e-01
4.435540437698364258e-01
4.833611249923706055e-01
3.605598509311676025e-01
3.479379415512084961e-01
4.189961254596710205e-01
4.201891124248504639e-01
3.595151007175445557e-01
4.126865863800048828e-01
4.297516644001007080e-01
3.471919894218444824e-01
3.933057188987731934e-01
4.145720601081848145e-01
3.392450213432312012e-01
4.044525027275085449e-01
3.987679481506347656e-01
3.372339606285095215e-01
3.678407371044158936e-01
4.722419977188110352e-01
3.820645809173583984e-01
3.311459720134735107e-01
3.672738373279571533e-01
4.269895851612091064e-01
4.200320839881896973e-01
3.301286697387695312e-01
4.387609958648681641e-01
4.323684275150299072e-01
4.613083004951477051e-01
4.140307605266571045e-01
3.879280388355255127e-01
4.270965158939361572e-01
4.185062348842620850e-01
4.825479388236999512e-01
3.595760762691497803e-01
3.252423703670501709e-01
4.645996093750000000e-01
3.676321208477020264e-01
3.735471367835998535e-01
4.091293513774871826e-01
3.366782367229461670e-01
4.460275173187255859e-01
3.670258820056915283e-01
4.096869826316833496e-01
3.212405741214752197e-01
3.651200532913208008e-01
4.770108163356781006e-01
4.252174496650695801e-01
4.646434187889099121e-01
4.260336160659790039e-01
3.473674058914184570e-01
4.128074645996093750e-01
4.711652994155883789e-01
3.751229941844940186e-01
4.108962118625640869e-01
4.171885251998901367e-01
4.332931637763977051e-01
3.581539988517761230e-01
4.340487420558929443e-01
4.006061851978302002e-01
4.213425219058990479e-01
3.988469839096069336e-01
3.383672535419464111e-01
3.493375480175018311e-01
4.370114803314208984e-01
4.222834110260009766e-01
3.984185457229614258e-01
3.441695570945739746e-01
4.281326532363891602e-01
3.502078950405120850e-01
4.595011472702026367e-01
4.396202564239501953e-01
3.610053956508636475e-01
4.127538204193115234e-01
3.583196401596069336e-01
3.210734128952026367e-01
3.815608918666839600e-01
4.106852114200592041e-01
3.752069175243377686e-01
4.616950750350952148e-01
4.253435432910919189e-01
3.428580164909362793e-01
4.057353734970092773e-01
3.653147220611572266e-01
4.032696783542633057e-01
5.117016434669494629e-01
3.196666836738586426e-01
4.196627140045166016e-01
4.365648925304412842e-01
4.812544882297515869e-01
3.397610187530517578e-01
3.759785294532775879e-01
3.552593290805816650e-01
4.230648577213287354e-01
4.000275731086730957e-01
4.158025979995727539e-01
3.170485198497772217e-01
3.683692812919616699e-01
4.493090808391571045e-01
3.434790372848510742e-01
4.537085890769958496e-01
3.840060830116271973e-01
3.506154417991638184e-01
4.424015581607818604e-01
3.186604380607604980e-01
3.283127248287200928e-01
3.928106129169464111e-01
3.638319671154022217e-01
3.091955780982971191e-01
3.859094977378845215e-01
5.025767087936401367e-01
3.934382498264312744e-01
5.033028125762939453e-01
3.638340234756469727e-01
3.940550088882446289e-01
3.877525925636291504e-01
4.595181047916412354e-01
3.862413465976715088e-01
3.992179930210113525e-01
3.912425041198730469e-01
4.365513324737548828e-01
3.216212987899780273e-01
3.462008833885192871e-01
4.716174900531768799e-01
3.317341804504394531e-01
4.110097587108612061e-01
3.685802519321441650e-01
3.606154024600982666e-01
3.783484399318695068e-01
4.727981686592102051e-01
3.386091589927673340e-01
3.504298031330108643e-01
3.746755719184875488e-01
4.075772762298583984e-01
2.708077728748321533e-01
4.169906973838806152e-01
4.018813669681549072e-01
4.136037230491638184e-01
4.276821017265319824e-01
4.293884336948394775e-01
4.430794417858123779e-01
3.212585151195526123e-01
4.303627610206604004e-01
4.165074825286865234e-01
3.157292604446411133e-01
3.237645030021667480e-01
3.155796527862548828e-01
3.815326988697052002e-01
4.047044515609741211e-01
5.250968933105468750e-01
4.433463811874389648e-01
3.917678892612457275e-01
4.288902878761291504e-01
3.859153687953948975e-01
3.724499940872192383e-01
4.357652068138122559e-01
4.132346212863922119e-01
4.117896258831024170e-01
3.436830341815948486e-01
4.206877946853637695e-01
4.178644120693206787e-01
3.630654513835906982e-01
4.274160861968994141e-01
3.651868999004364014e-01
3.316718935966491699e-01
4.356998801231384277e-01
4.121293425559997559e-01
3.433866798877716064e-01
3.684956729412078857e-01
3.755382001399993896e-01
3.259432315826416016e-01
3.130285143852233887e-01
3.376396298408508301e-01
2.842254042625427246e-01
3.686147034168243408e-01
3.573623597621917725e-01
4.349797368049621582e-01
3.987639546394348145e-01
3.147066235542297363e-01
3.817918896675109863e-01
3.513894677162170410e-01
2.873303294181823730e-01
4.036388993263244629e-01
3.875099122524261475e-01
3.904967904090881348e-01
4.089339375495910645e-01
4.514172971248626709e-01
3.307013809680938721e-01
3.886263370513916016e-01
3.949068486690521240e-01
3.977958858013153076e-01
3.095334768295288086e-01
4.013561606407165527e-01
3.509190976619720459e-01
3.668938875198364258e-01
3.599265813827514648e-01
3.086629211902618408e-01
3.082432746887207031e-01
3.867888450622558594e-01
3.525233864784240723e-01
3.296791315078735352e-01
3.827201128005981445e-01
4.109652638435363770e-01
3.375838994979858398e-01
3.056695461273193359e-01
3.637033700942993164e-01
4.228131473064422607e-01
3.492315709590911865e-01
4.050196409225463867e-01
4.293112158775329590e-01
3.440346121788024902e-01
4.277193546295166016e-01
3.580484688282012939e-01
3.464710712432861328e-01
3.612237572669982910e-01
3.856606483459472656e-01
3.354142904281616211e-01
4.138143360614776611e-01
4.662535190582275391e-01
3.735015392303466797e-01
4.088758230209350586e-01
3.928650319576263428e-01
3.905975222587585449e-01
3.869338631629943848e-01
3.034187853336334229e-01
3.832957148551940918e-01
3.319800496101379395e-01
4.375459253787994385e-01
3.990645408630371094e-01
2.827547192573547363e-01
3.864640891551971436e-01
4.736286103725433350e-01
4.446843862533569336e-01
3.294146060943603516e-01
3.755156993865966797e-01
3.463225364685058594e-01
3.554704189300537109e-01
3.191581070423126221e-01
3.859377801418304443e-01
2.965593039989471436e-01
3.784818649291992188e-01
3.629078865051269531e-01
2.860842943191528320e-01
4.067223072052001953e-01
3.708455264568328857e-01
3.024000525474548340e-01
4.613882899284362793e-01
3.293780982494354248e-01
3.925950229167938232e-01
3.546909689903259277e-01
3.837408423423767090e-01
3.335746228694915771e-01
3.257378339767456055e-01
3.473036885261535645e-01
3.779200315475463867e-01
2.820947170257568359e-01
3.849461376667022705e-01
4.165374040603637695e-01
4.377635121345520020e-01
2.848748862743377686e-01
2.866034507751464844e-01
4.295975863933563232e-01
3.821012079715728760e-01
4.120439887046813965e-01
3.748632669448852539e-01
3.585599660873413086e-01
3.493631482124328613e-01
2.604623436927795410e-01
3.685547709465026855e-01
2.898257672786712646e-01
3.882877230644226074e-01
3.701624572277069092e-01
3.502159416675567627e-01
4.017264246940612793e-01
4.705867171287536621e-01
4.787513911724090576e-01
3.622941970825195312e-01
4.001588225364685059e-01
2.918867170810699463e-01
3.107488155364990234e-01
3.592096865177154541e-01
2.894289195537567139e-01
3.964709639549255371e-01
3.600724935531616211e-01
4.446414709091186523e-01
4.081488251686096191e-01
3.553518950939178467e-01
4.036957621574401855e-01
3.773063719272613525e-01
4.027716517448425293e-01
3.987611830234527588e-01
3.667287826538085938e-01
2.493428736925125122e-01
3.666127920150756836e-01
3.064297139644622803e-01
4.262694716453552246e-01
3.111923336982727051e-01
3.691690266132354736e-01
3.939298689365386963e-01
3.407287001609802246e-01
3.827015459537506104e-01
4.092231690883636475e-01
3.420993983745574951e-01
4.538690447807312012e-01
3.631963133811950684e-01
3.663371205329895020e-01
2.624078094959259033e-01
3.360256552696228027e-01
4.209392666816711426e-01
4.087449610233306885e-01
3.581447303295135498e-01
3.839246332645416260e-01
3.301067650318145752e-01
3.121561706066131592e-01
2.808697819709777832e-01
3.558126091957092285e-01
3.448800444602966309e-01
3.566659688949584961e-01
2.911648750305175781e-01
3.503517210483551025e-01
3.611536026000976562e-01
3.713873922824859619e-01
3.772341012954711914e-01
4.020501971244812012e-01
4.068690836429595947e-01
3.159106671810150146e-01
3.407545089721679688e-01
2.904424369335174561e-01
3.291345238685607910e-01
4.169026911258697510e-01
3.274866044521331787e-01
3.168030083179473877e-01
4.349799156188964844e-01
2.917026579380035400e-01
3.542504310607910156e-01
3.606765568256378174e-01
3.393777310848236084e-01
3.317286074161529541e-01
3.862726092338562012e-01
4.299373924732208252e-01
3.030476272106170654e-01
3.013680875301361084e-01
3.457818329334259033e-01
3.456712365150451660e-01
3.517806828022003174e-01
3.279498517513275146e-01
3.519054055213928223e-01
2.875278890132904053e-01
4.038302600383758545e-01
3.466246128082275391e-01
3.250863552093505859e-01
3.379539251327514648e-01
4.905425608158111572e-01
3.090808391571044922e-01
3.872742056846618652e-01
3.229296207427978516e-01
3.177748918533325195e-01
4.947300553321838379e-01
3.762877583503723145e-01
4.830629229545593262e-01
2.868331670761108398e-01
3.222734034061431885e-01
3.942695856094360352e-01
2.691269516944885254e-01
3.241226077079772949e-01
3.397780060768127441e-01
3.532135486602783203e-01
3.233043253421783447e-01
4.477708935737609863e-01
3.036762475967407227e-01
3.438466787338256836e-01
2.883468270301818848e-01
3.222036659717559814e-01
2.797865867614746094e-01
3.870938122272491455e-01
3.517356514930725098e-01
3.882175683975219727e-01
3.347390294075012207e-01
2.335979789495468140e-01
3.897475302219390869e-01
4.400321841239929199e-01
4.367958009243011475e-01
3.743959069252014160e-01
3.649955689907073975e-01
3.146887421607971191e-01
4.038861095905303955e-01
3.742343187332153320e-01
2.988078594207763672e-01
3.130389750003814697e-01
3.711126446723937988e-01
3.364569842815399170e-01
4.006390869617462158e-01
4.128943681716918945e-01
3.529459238052368164e-01
2.975696027278900146e-01
3.733407258987426758e-01
3.677293956279754639e-01
3.970655500888824463e-01
3.571391403675079346e-01
3.327157795429229736e-01
3.857716619968414307e-01
3.014559745788574219e-01
5.130920410156250000e-01
3.329633772373199463e-01
3.468842804431915283e-01
2.999683618545532227e-01
3.589250147342681885e-01
3.604325652122497559e-01
3.380586504936218262e-01
3.644044101238250732e-01
3.091333508491516113e-01
3.002050518989562988e-01
