6.384770870208740234e-01
6.334866285324096680e-01
5.860238671302795410e-01
6.006255745887756348e-01
5.424283742904663086e-01
5.772381424903869629e-01
5.676077604293823242e-01
5.268152952194213867e-01
5.130323171615600586e-01
5.668953061103820801e-01
5.715553164482116699e-01
5.830583572387695312e-01
6.145451664924621582e-01
5.618350505828857422e-01
5.572714209556579590e-01
5.023970007896423340e-01
5.863878726959228516e-01
5.981428623199462891e-01
5.738593935966491699e-01
5.419284105300903320e-01
5.871268510818481445e-01
5.582273602485656738e-01
6.345762014389038086e-01
5.497750043869018555e-01
5.688936710357666016e-01
5.469909906387329102e-01
5.576488971710205078e-01
5.863378047943115234e-01
5.300494432449340820e-01
5.400893688201904297e-01
5.823107361793518066e-01
5.371531844139099121e-01
5.247428417205810547e-01
5.633026957511901855e-01
5.353740453720092773e-01
5.750101804733276367e-01
5.798758864402770996e-01
5.439188480377197266e-01
5.577480792999267578e-01
4.143735170364379883e-01
5.405460596084594727e-01
6.077088117599487305e-01
5.130246877670288086e-01
5.187649726867675781e-01
4.834368526935577393e-01
4.831672906875610352e-01
5.770325064659118652e-01
4.982069730758666992e-01
5.216088294982910156e-01
4.615684151649475098e-01
5.256175994873046875e-01
5.119004249572753906e-01
4.868694245815277100e-01
4.049662947654724121e-01
5.713861584663391113e-01
5.653319358825683594e-01
5.625547766685485840e-01
5.298302769660949707e-01
4.385975003242492676e-01
5.211347341537475586e-01
5.649328231811523438e-01
4.709659218788146973e-01
4.644200801849365234e-01
4.543266892433166504e-01
5.038729310035705566e-01
5.168424248695373535e-01
4.956825375556945801e-01
4.675852656364440918e-01
4.609938859939575195e-01
4.904130101203918457e-01
5.515036582946777344e-01
5.314589738845825195e-01
4.529031515121459961e-01
4.917938411235809326e-01
4.796247482299804688e-01
4.656240940093994141e-01
4.236324131488800049e-01
5.503517389297485352e-01
5.226616263389587402e-01
4.556741118431091309e-01
4.895102679729461670e-01
4.429326951503753662e-01
4.678449928760528564e-01
4.796335995197296143e-01
4.626879096031188965e-01
4.417598843574523926e-01
4.256293475627899170e-01
4.326978623867034912e-01
4.577170312404632568e-01
5.398509502410888672e-01
5.181782245635986328e-01
4.514296054840087891e-01
4.377011060714721680e-01
4.210151731967926025e-01
4.843784570693969727e-01
4.672955870628356934e-01
4.954591989517211914e-01
3.926252126693725586e-01
4.708381295204162598e-01
4.223309159278869629e-01
3.800705373287200928e-01
4.475160539150238037e-01
4.664523303508758545e-01
4.299203157424926758e-01
4.846418201923370361e-01
4.096712768077850342e-01
3.901090919971466064e-01
4.305425882339477539e-01
4.696980714797973633e-01
4.326109290122985840e-01
4.837582111358642578e-01
4.275921285152435303e-01
4.526591598987579346e-01
3.873878419399261475e-01
4.138906002044677734e-01
4.072815775871276855e-01
5.539525747299194336e-01
3.619038462638854980e-01
4.194361865520477295e-01
4.119339585304260254e-01
4.230111539363861084e-01
5.444988608360290527e-01
3.793215155601501465e-01
3.608233928680419922e-01
5.359321832656860352e-01
4.873260259628295898e-01
4.356747269630432129e-01
4.389389753341674805e-01
4.348385930061340332e-01
3.975783288478851318e-01
4.122709035873413086e-01
4.269120097160339355e-01
3.992372751235961914e-01
3.986399769783020020e-01
3.957337141036987305e-01
3.232252001762390137e-01
3.804359734058380127e-01
4.392873942852020264e-01
3.532080054283142090e-01
3.910197019577026367e-01
4.894510209560394287e-01
3.605648279190063477e-01
3.526583909988403320e-01
3.932538628578186035e-01
3.402819037437438965e-01
4.706413447856903076e-01
4.628848731517791748e-01
3.741834461688995361e-01
4.232628643512725830e-01
3.914726376533508301e-01
5.250829458236694336e-01
5.185241103172302246e-01
4.262519776821136475e-01
4.023575782775878906e-01
4.044597744941711426e-01
4.194310307502746582e-01
4.220000803470611572e-01
3.352666497230529785e-01
3.899783790111541748e-01
4.428150355815887451e-01
4.549024105072021484e-01
4.323439598083496094e-01
3.918261528015136719e-01
3.734678924083709717e-01
3.807969689369201660e-01
3.717460930347442627e-01
3.823496401309967041e-01
3.854427337646484375e-01
2.968266010284423828e-01
4.085704386234283447e-01
3.560433685779571533e-01
3.538466393947601318e-01
4.307394623756408691e-01
3.120052218437194824e-01
4.791896343231201172e-01
3.636034131050109863e-01
3.515973985195159912e-01
4.656571447849273682e-01
4.270324110984802246e-01
4.541190862655639648e-01
4.246317446231842041e-01
4.064745903015136719e-01
4.123410880565643311e-01
4.265306293964385986e-01
3.485946357250213623e-01
4.397828578948974609e-01
3.933647572994232178e-01
3.841624259948730469e-01
4.023198485374450684e-01
4.485435783863067627e-01
4.194145500659942627e-01
4.007454812526702881e-01
3.685595095157623291e-01
3.700646460056304932e-01
3.493503332138061523e-01
3.955311775207519531e-01
3.856047689914703369e-01
4.971179962158203125e-01
4.232558906078338623e-01
3.797084689140319824e-01
4.259169995784759521e-01
4.142456948757171631e-01
3.613365888595581055e-01
3.710268437862396240e-01
4.606842994689941406e-01
5.190388560295104980e-01
4.517080485820770264e-01
3.965315222740173340e-01
3.751254677772521973e-01
4.931006133556365967e-01
4.829554259777069092e-01
3.671511709690093994e-01
4.292905926704406738e-01
4.613457322120666504e-01
3.989993333816528320e-01
3.255321979522705078e-01
4.390979111194610596e-01
2.765859663486480713e-01
4.078725278377532959e-01
3.059599101543426514e-01
4.304567873477935791e-01
2.619143426418304443e-01
3.350571393966674805e-01
4.384532570838928223e-01
4.247614741325378418e-01
3.938299119472503662e-01
4.403737187385559082e-01
3.428868353366851807e-01
4.467821121215820312e-01
4.146009683609008789e-01
4.724235534667968750e-01
3.905500769615173340e-01
4.058294892311096191e-01
3.735595643520355225e-01
3.669998049736022949e-01
3.922509849071502686e-01
3.833963274955749512e-01
4.008911252021789551e-01
4.306437969207763672e-01
3.963652849197387695e-01
4.091896116733551025e-01
4.045702815055847168e-01
3.862032890319824219e-01
3.253345191478729248e-01
3.557721376419067383e-01
3.887148201465606689e-01
2.458452284336090088e-01
4.056621491909027100e-01
4.486392736434936523e-01
3.816075325012207031e-01
3.442846536636352539e-01
3.135587871074676514e-01
4.290932118892669678e-01
4.612794518470764160e-01
3.924385607242584229e-01
3.719642162322998047e-01
3.659202754497528076e-01
3.082049489021301270e-01
3.150543868541717529e-01
3.276347517967224121e-01
3.511979281902313232e-01
3.845167160034179688e-01
3.663321733474731445e-01
3.354205787181854248e-01
3.259251713752746582e-01
3.950582146644592285e-01
4.002685546875000000e-01
4.570636451244354248e-01
4.091825485229492188e-01
3.708571791648864746e-01
3.106528222560882568e-01
3.345010578632354736e-01
4.138153791427612305e-01
3.707868456840515137e-01
4.076521694660186768e-01
3.647142648696899414e-01
4.064617156982421875e-01
3.976837992668151855e-01
4.463622570037841797e-01
3.431978523731231689e-01
4.175726473331451416e-01
3.321287631988525391e-01
3.965860903263092041e-01
3.996458649635314941e-01
3.519816398620605469e-01
4.717499613761901855e-01
3.600620031356811523e-01
4.519293904304504395e-01
4.454238712787628174e-01
4.057980179786682129e-01
4.661095142364501953e-01
4.356479942798614502e-01
3.270882964134216309e-01
4.032525420188903809e-01
3.830861449241638184e-01
3.001207411289215088e-01
4.114469289779663086e-01
4.028490483760833740e-01
3.881142437458038330e-01
4.992007017135620117e-01
4.166519641876220703e-01
3.402996063232421875e-01
3.493479192256927490e-01
3.786375522613525391e-01
3.409680426120758057e-01
3.692646324634552002e-01
2.645692229270935059e-01
3.841291368007659912e-01
4.304852485656738281e-01
3.274846374988555908e-01
3.609842956066131592e-01
3.638410866260528564e-01
3.401637971401214600e-01
3.701577484607696533e-01
3.476656079292297363e-01
4.425445497035980225e-01
3.785110116004943848e-01
3.465260267257690430e-01
4.057114124298095703e-01
3.821234107017517090e-01
3.932260274887084961e-01
3.783409595489501953e-01
3.833574056625366211e-01
4.115339815616607666e-01
2.982290387153625488e-01
3.510742783546447754e-01
3.619302511215209961e-01
5.146144032478332520e-01
5.010008811950683594e-01
4.101906418800354004e-01
4.392955899238586426e-01
3.933775424957275391e-01
3.790427446365356445e-01
4.454448223114013672e-01
3.890419602394104004e-01
4.054075181484222412e-01
3.903428912162780762e-01
4.219678640365600586e-01
3.493941724300384521e-01
4.160344600677490234e-01
2.809684872627258301e-01
4.291766583919525146e-01
4.014154672622680664e-01
3.879188597202301025e-01
3.952794075012207031e-01
3.806456923484802246e-01
4.231325984001159668e-01
4.251654148101806641e-01
3.733299374580383301e-01
3.898920714855194092e-01
4.273236095905303955e-01
3.655422925949096680e-01
4.047852158546447754e-01
4.088704586029052734e-01
3.423961997032165527e-01
3.973551094532012939e-01
3.609615564346313477e-01
3.905346393585205078e-01
3.735242187976837158e-01
3.055967688560485840e-01
3.939809501171112061e-01
3.759487569332122803e-01
3.267280459403991699e-01
4.677243828773498535e-01
4.172427058219909668e-01
3.930203020572662354e-01
2.841008007526397705e-01
4.071067571640014648e-01
3.884743452072143555e-01
4.154763221740722656e-01
3.642472028732299805e-01
3.842018246650695801e-01
3.635332584381103516e-01
3.324902653694152832e-01
3.765924572944641113e-01
3.493605256080627441e-01
3.406738638877868652e-01
3.360579311847686768e-01
4.308840036392211914e-01
4.083311557769775391e-01
3.698031604290008545e-01
3.499030768871307373e-01
3.211621046066284180e-01
3.402631282806396484e-01
3.648959696292877197e-01
4.401877820491790771e-01
3.991144895553588867e-01
3.412899971008300781e-01
3.943445682525634766e-01
3.726385831832885742e-01
4.356775879859924316e-01
3.847514688968658447e-01
3.449257910251617432e-01
3.272730708122253418e-01
3.123743832111358643e-01
3.330847620964050293e-01
4.259398579597473145e-01
3.737224936485290527e-01
4.960546493530273438e-01
4.533739089965820312e-01
3.023215830326080322e-01
3.091432154178619385e-01
3.722965717315673828e-01
3.591711521148681641e-01
3.406336307525634766e-01
3.065235614776611328e-01
3.953949213027954102e-01
3.490052223205566406e-01
3.251372277736663818e-01
2.586185038089752197e-01
3.202338814735412598e-01
2.972656786441802979e-01
3.656956851482391357e-01
3.694030940532684326e-01
4.186526834964752197e-01
3.709924817085266113e-01
4.063924252986907959e-01
3.843990862369537354e-01
3.812716007232666016e-01
3.946864306926727295e-01
3.404042422771453857e-01
4.216020107269287109e-01
4.142773151397705078e-01
4.385073482990264893e-01
3.923223018646240234e-01
3.465429246425628662e-01
3.482414186000823975e-01
3.924698233604431152e-01
3.900237083435058594e-01
3.021641671657562256e-01
3.385381698608398438e-01
3.559065461158752441e-01
3.826159238815307617e-01
3.180024325847625732e-01
4.145535826683044434e-01
3.725427687168121338e-01
3.524921834468841553e-01
4.015050828456878662e-01
3.609380125999450684e-01
3.472496271133422852e-01
3.397629857063293457e-01
3.654404282569885254e-01
3.748236894607543945e-01
3.423408567905426025e-01
4.117628037929534912e-01
3.942851722240447998e-01
3.834091126918792725e-01
3.634442687034606934e-01
4.135055541992187500e-01
3.410748839378356934e-01
3.957227170467376709e-01
3.512490689754486084e-01
3.894885480403900146e-01
3.650225996971130371e-01
3.400656878948211670e-01
3.203121721744537354e-01
4.408231079578399658e-01
3.901195824146270752e-01
3.706721067428588867e-01
3.793925940990447998e-01
3.373197317123413086e-01
4.287297427654266357e-01
3.512543439865112305e-01
3.656984865665435791e-01
2.927567958831787109e-01
4.467248320579528809e-01
3.266876339912414551e-01
3.366157710552215576e-01
3.566825091838836670e-01
3.533557057380676270e-01
3.076485395431518555e-01
2.723978757858276367e-01
3.610898554325103760e-01
4.748274683952331543e-01
3.407522737979888916e-01
4.248926937580108643e-01
3.641803860664367676e-01
3.720874786376953125e-01
3.938752710819244385e-01
3.616470396518707275e-01
3.225584626197814941e-01
3.909566104412078857e-01
2.925386130809783936e-01
4.361446499824523926e-01
4.260033965110778809e-01
3.127270936965942383e-01
3.106904029846191406e-01
3.106368780136108398e-01
3.296479880809783936e-01
3.202880322933197021e-01
3.477905988693237305e-01
3.841018974781036377e-01
3.213771879673004150e-01
3.049312531948089600e-01
3.131030499935150146e-01
3.797381520271301270e-01
3.706159889698028564e-01
3.361275792121887207e-01
3.959673047065734863e-01
4.076464772224426270e-01
2.939409911632537842e-01
2.955704033374786377e-01
3.014419972896575928e-01
4.118590056896209717e-01
3.027676045894622803e-01
3.256990909576416016e-01
3.174609541893005371e-01
3.336367011070251465e-01
3.481097221374511719e-01
3.332221508026123047e-01
4.180064797401428223e-01
3.113369047641754150e-01
3.057494759559631348e-01
3.345024287700653076e-01
3.763565421104431152e-01
2.554191350936889648e-01
3.456715047359466553e-01
4.573798775672912598e-01
3.594268858432769775e-01
3.532246947288513184e-01
3.012613058090209961e-01
3.017298579216003418e-01
3.177738189697265625e-01
2.645920813083648682e-01
3.945355415344238281e-01
3.132869303226470947e-01
3.674195706844329834e-01
4.872754812240600586e-01
3.238917887210845947e-01
3.157615661621093750e-01
3.636581897735595703e-01
3.129168450832366943e-01
3.849341869354248047e-01
2.944131195545196533e-01
2.903048694133758545e-01
3.290417492389678955e-01
4.078867137432098389e-01
3.937436640262603760e-01
3.208436369895935059e-01
3.360616862773895264e-01
3.913589417934417725e-01
3.840525746345520020e-01
2.796854972839355469e-01
3.163747787475585938e-01
3.464264869689941406e-01
2.806597352027893066e-01
2.722477018833160400e-01
3.137657046318054199e-01
3.083966970443725586e-01
2.881191372871398926e-01
3.069747686386108398e-01
3.483313322067260742e-01
3.680933117866516113e-01
4.024027585983276367e-01
2.699441909790039062e-01
2.630558311939239502e-01
3.135145604610443115e-01
3.775787949562072754e-01
3.370552957057952881e-01
3.661270141601562500e-01
3.343692421913146973e-01
3.201118707656860352e-01
3.119621872901916504e-01
3.901110887527465820e-01
2.779692411422729492e-01
3.344015181064605713e-01
3.470601439476013184e-01
3.979229331016540527e-01
3.373842835426330566e-01
3.888401091098785400e-01
3.329742550849914551e-01
3.959742784500122070e-01
3.328235447406768799e-01
3.231429457664489746e-01
3.846689164638519287e-01
3.709789514541625977e-01
3.103388547897338867e-01
2.701203823089599609e-01
3.183201849460601807e-01
2.852698862552642822e-01
4.424383044242858887e-01
4.547056853771209717e-01
2.882966399192810059e-01
2.956707477569580078e-01
3.202562630176544189e-01
3.133743405342102051e-01
3.728633224964141846e-01
3.375110626220703125e-01
3.646761775016784668e-01
3.122249245643615723e-01
3.122096657752990723e-01
2.916300296783447266e-01
3.537449240684509277e-01
2.933295369148254395e-01
4.150722622871398926e-01
2.461873292922973633e-01
2.972116768360137939e-01
2.411165237426757812e-01
4.157087504863739014e-01
3.139724135398864746e-01
3.447811603546142578e-01
3.543963134288787842e-01
3.913858830928802490e-01
3.259053230285644531e-01
3.781273663043975830e-01
3.250701129436492920e-01
2.641595900058746338e-01
3.762966990470886230e-01
3.059431314468383789e-01
4.461602866649627686e-01
2.873622775077819824e-01
3.205328285694122314e-01
