4.505577564239501953e+00
4.959567546844482422e+00
4.968750476837158203e+00
5.078207969665527344e+00
5.378649234771728516e+00
4.715407371520996094e+00
3.952504158020019531e+00
3.998111009597778320e+00
4.355255126953125000e+00
3.762810707092285156e+00
3.929811000823974609e+00
3.363926649093627930e+00
3.782982826232910156e+00
3.315372943878173828e+00
3.303972005844116211e+00
3.129747152328491211e+00
2.708053350448608398e+00
3.323985338211059570e+00
3.036995887756347656e+00
2.433039665222167969e+00
2.001019001007080078e+00
1.999735355377197266e+00
1.849402666091918945e+00
2.353200197219848633e+00
1.420387148857116699e+00
1.374541401863098145e+00
9.341955780982971191e-01
1.147661685943603516e+00
1.136626243591308594e+00
1.138322114944458008e+00
9.238859415054321289e-01
1.372970938682556152e+00
1.222900867462158203e+00
6.045459270477294922e+00
1.288740873336791992e+00
1.131249070167541504e+00
9.060536623001098633e-01
1.069032669067382812e+00
9.181400537490844727e-01
1.046245336532592773e+00
1.153404831886291504e+00
7.287793755531311035e-01
1.267951250076293945e+00
7.871590852737426758e-01
1.422652721405029297e+00
1.069095134735107422e+00
8.382519483566284180e-01
6.787875294685363770e-01
1.147212386131286621e+00
9.437332749366760254e-01
1.020256757736206055e+00
7.204194068908691406e-01
3.105143547058105469e+00
8.543817400932312012e-01
7.462700009346008301e-01
9.239785671234130859e-01
8.556296229362487793e-01
7.546747922897338867e-01
1.045599818229675293e+00
9.679494500160217285e-01
9.915829896926879883e-01
8.251564502716064453e-01
8.546715974807739258e-01
7.065197229385375977e-01
6.066254973411560059e-01
7.907791137695312500e-01
7.435580492019653320e-01
7.371985316276550293e-01
7.020040154457092285e-01
7.647449970245361328e-01
8.610783815383911133e-01
6.605938076972961426e-01
5.145420432090759277e-01
7.374385595321655273e-01
6.824529767036437988e-01
6.549147367477416992e-01
7.030221819877624512e-01
7.050864696502685547e-01
7.289327979087829590e-01
7.554868459701538086e-01
7.234990596771240234e-01
7.069948911666870117e-01
1.045798540115356445e+00
9.781324267387390137e-01
7.712284922599792480e-01
5.187832117080688477e-01
7.417502999305725098e-01
5.862151980400085449e-01
6.045385599136352539e-01
6.939362883567810059e-01
5.075945854187011719e-01
6.405690908432006836e-01
3.982733786106109619e-01
8.236712813377380371e-01
6.280313730239868164e-01
7.381305098533630371e-01
8.590890169143676758e-01
5.754243135452270508e-01
6.941296458244323730e-01
7.484681606292724609e-01
4.850944578647613525e-01
7.034254074096679688e-01
1.739896535873413086e+00
6.161456704139709473e-01
5.120128989219665527e-01
5.613670945167541504e-01
6.540470719337463379e-01
5.050229430198669434e-01
7.719101309776306152e-01
4.988548159599304199e-01
7.281634807586669922e-01
9.027276039123535156e-01
6.583515405654907227e-01
5.319293737411499023e-01
4.244831502437591553e-01
5.302947163581848145e-01
6.904736161231994629e-01
4.513832330703735352e-01
6.354686617851257324e-01
4.905126094818115234e-01
5.632797479629516602e-01
4.915911555290222168e-01
6.588572859764099121e-01
4.348380267620086670e-01
6.577289700508117676e-01
5.324158072471618652e-01
7.001411318778991699e-01
5.355018973350524902e-01
6.194797754287719727e-01
5.227587223052978516e-01
5.625172257423400879e-01
4.904750287532806396e-01
6.833940744400024414e-01
7.080936431884765625e-01
6.318443417549133301e-01
6.404583454132080078e-01
5.560934543609619141e-01
3.848107457160949707e-01
3.549969792366027832e-01
5.692889690399169922e-01
5.981190204620361328e-01
4.747627079486846924e-01
5.922694802284240723e-01
4.767193198204040527e-01
7.837095260620117188e-01
8.993493318557739258e-01
4.297585785388946533e-01
6.752846240997314453e-01
6.882724761962890625e-01
4.107439517974853516e-01
3.226108253002166748e-01
3.777517378330230713e-01
4.528537094593048096e-01
4.824504554271697998e-01
7.834388613700866699e-01
7.046765089035034180e-01
4.512268602848052979e-01
4.843805134296417236e-01
5.110723376274108887e-01
5.178734064102172852e-01
5.567631721496582031e-01
6.435259580612182617e-01
4.262109398841857910e-01
4.300501048564910889e-01
3.421053290367126465e-01
6.372489929199218750e-01
5.403915643692016602e-01
4.256456792354583740e-01
6.492040157318115234e-01
3.020000755786895752e-01
5.822242498397827148e-01
7.442338466644287109e-01
5.384846329689025879e-01
6.175593733787536621e-01
3.180246353149414062e-01
4.202949702739715576e-01
5.157694220542907715e-01
5.290076732635498047e-01
3.927398324012756348e-01
3.704755902290344238e-01
5.237917900085449219e-01
3.652177155017852783e-01
4.513371586799621582e-01
4.522463977336883545e-01
6.015498638153076172e-01
3.917619287967681885e-01
6.611609458923339844e-01
5.628208518028259277e-01
3.999481201171875000e-01
3.879242539405822754e-01
4.584651589393615723e-01
3.450389504432678223e-01
4.891812801361083984e-01
5.080684423446655273e-01
5.737248659133911133e-01
3.114189207553863525e-01
5.610961914062500000e-01
4.811237156391143799e-01
3.087179362773895264e-01
6.301908493041992188e-01
3.736651837825775146e-01
5.019302964210510254e-01
4.534674286842346191e-01
6.003298759460449219e-01
5.637498497962951660e-01
5.872828364372253418e-01
3.228051960468292236e-01
5.671408176422119141e-01
5.672579407691955566e-01
4.800463020801544189e-01
4.963681399822235107e-01
4.266814887523651123e-01
5.334435701370239258e-01
5.595043897628784180e-01
6.304507255554199219e-01
3.799953460693359375e-01
3.750505745410919189e-01
4.265375137329101562e-01
3.861818909645080566e-01
3.891597390174865723e-01
4.322861433029174805e-01
3.900327384471893311e-01
4.658327698707580566e-01
5.048923492431640625e-01
3.653168976306915283e-01
3.033969402313232422e-01
5.766521692276000977e-01
5.117908716201782227e-01
4.074185192584991455e-01
4.216991961002349854e-01
4.192542433738708496e-01
4.307214915752410889e-01
4.145634174346923828e-01
4.496557414531707764e-01
3.936188519001007080e-01
3.228054344654083252e-01
4.963229298591613770e-01
3.749013245105743408e-01
4.230001866817474365e-01
4.108202755451202393e-01
4.147694408893585205e-01
3.259761631488800049e-01
4.454104304313659668e-01
4.599050581455230713e-01
5.485501289367675781e-01
3.887508511543273926e-01
3.818285465240478516e-01
5.593308806419372559e-01
4.199402034282684326e-01
4.399967491626739502e-01
4.017553627490997314e-01
4.293174147605895996e-01
4.088777005672454834e-01
4.444220960140228271e-01
2.698385119438171387e-01
3.409575819969177246e-01
3.390859961509704590e-01
5.661535263061523438e-01
5.128425359725952148e-01
4.551774859428405762e-01
4.048556387424468994e-01
3.936533033847808838e-01
5.344673395156860352e-01
4.775483608245849609e-01
3.780408203601837158e-01
4.212003946304321289e-01
3.665326237678527832e-01
3.434790968894958496e-01
3.659090697765350342e-01
4.746491611003875732e-01
3.456585407257080078e-01
2.392482459545135498e-01
3.197412490844726562e-01
4.171594083309173584e-01
4.200555980205535889e-01
4.541832804679870605e-01
4.261061549186706543e-01
4.402894973754882812e-01
5.615422129631042480e-01
4.633590579032897949e-01
5.079598426818847656e-01
3.963651955127716064e-01
5.189720392227172852e-01
3.150394856929779053e-01
4.607781171798706055e-01
5.679327249526977539e-01
2.778679728507995605e-01
4.375041723251342773e-01
2.920034527778625488e-01
4.723587036132812500e-01
4.025152325630187988e-01
3.842859864234924316e-01
2.694789767265319824e-01
3.852162063121795654e-01
2.454002201557159424e-01
3.739059567451477051e-01
4.477327764034271240e-01
3.551705479621887207e-01
3.744488656520843506e-01
3.274190723896026611e-01
3.709675967693328857e-01
3.924673497676849365e-01
3.732959330081939697e-01
4.571772217750549316e-01
4.826684296131134033e-01
3.600048422813415527e-01
3.962631523609161377e-01
3.114334344863891602e-01
3.796918392181396484e-01
4.311248660087585449e-01
3.388032019138336182e-01
3.540371358394622803e-01
3.446049094200134277e-01
4.317922294139862061e-01
4.303165078163146973e-01
3.449703752994537354e-01
3.027628362178802490e-01
4.890611767768859863e-01
4.175464510917663574e-01
3.314964771270751953e-01
3.508819639682769775e-01
4.118281602859497070e-01
3.893358707427978516e-01
3.678098320960998535e-01
2.916248142719268799e-01
4.347053766250610352e-01
3.693880438804626465e-01
3.603700995445251465e-01
4.220484793186187744e-01
3.323960006237030029e-01
3.665480911731719971e-01
3.512136340141296387e-01
3.504979610443115234e-01
7.240456342697143555e-01
3.044289052486419678e-01
2.572504580020904541e-01
4.132436513900756836e-01
4.385591745376586914e-01
2.195218801498413086e-01
2.755391299724578857e-01
4.783094227313995361e-01
3.409125506877899170e-01
3.065066635608673096e-01
3.846063315868377686e-01
5.688290596008300781e-01
3.810802996158599854e-01
3.681568801403045654e-01
3.443677723407745361e-01
3.618905246257781982e-01
3.129394352436065674e-01
5.060866475105285645e-01
3.789796829223632812e-01
5.955903530120849609e-01
4.177831411361694336e-01
4.833675622940063477e-01
3.880535662174224854e-01
3.001375794410705566e-01
2.863253355026245117e-01
3.357530236244201660e-01
4.268991947174072266e-01
3.889326453208923340e-01
3.804513514041900635e-01
3.660890161991119385e-01
4.254621565341949463e-01
3.723140954971313477e-01
4.178925156593322754e-01
4.638138413429260254e-01
4.231732189655303955e-01
3.598219454288482666e-01
4.245246350765228271e-01
3.447435498237609863e-01
3.319661915302276611e-01
3.858398795127868652e-01
5.478472113609313965e-01
4.242859184741973877e-01
4.462834894657135010e-01
3.799285590648651123e-01
4.187909662723541260e-01
2.723898589611053467e-01
2.797748148441314697e-01
3.715287446975708008e-01
5.160590410232543945e-01
4.824658632278442383e-01
4.944314360618591309e-01
3.518432974815368652e-01
5.886260867118835449e-01
4.745573997497558594e-01
