5.623425006866455078e+00
5.592223167419433594e+00
4.431034564971923828e+00
4.167345523834228516e+00
4.193712711334228516e+00
4.683885097503662109e+00
3.979514837265014648e+00
3.626255750656127930e+00
4.301642417907714844e+00
3.776198148727416992e+00
3.911790370941162109e+00
4.658230781555175781e+00
3.820504665374755859e+00
3.284731388092041016e+00
3.143733263015747070e+00
2.670034885406494141e+00
3.053166389465332031e+00
2.834795236587524414e+00
2.498992443084716797e+00
3.303447008132934570e+00
2.148715972900390625e+00
6.197721958160400391e+00
2.275293588638305664e+00
2.443643093109130859e+00
2.099912643432617188e+00
1.552523374557495117e+00
1.937264919281005859e+00
1.740593910217285156e+00
3.862966775894165039e+00
1.812583923339843750e+00
1.422631382942199707e+00
1.115088582038879395e+00
1.112197518348693848e+00
1.580531716346740723e+00
1.429605603218078613e+00
1.604453206062316895e+00
1.414984464645385742e+00
1.302446365356445312e+00
1.349006295204162598e+00
1.095951676368713379e+00
1.575978398323059082e+00
8.277115225791931152e-01
1.240064978599548340e+00
1.027695417404174805e+00
1.019349575042724609e+00
1.045886158943176270e+00
9.483489394187927246e-01
1.031616330146789551e+00
1.008234500885009766e+00
1.113401889801025391e+00
1.136141657829284668e+00
1.666872215270996094e+01
7.577223181724548340e-01
5.678480863571166992e-01
7.493437528610229492e-01
9.314690232276916504e-01
7.756875157356262207e-01
9.704381823539733887e-01
9.393475055694580078e-01
9.969360828399658203e-01
7.862786650657653809e-01
7.170299291610717773e-01
1.073489665985107422e+00
1.014154076576232910e+00
8.634279966354370117e-01
5.603132843971252441e-01
8.745771646499633789e-01
8.945848345756530762e-01
7.897995710372924805e-01
5.839441418647766113e-01
1.002486109733581543e+00
6.589165925979614258e-01
5.844318866729736328e-01
6.760274171829223633e-01
8.325663805007934570e-01
7.936173677444458008e-01
6.403840184211730957e-01
6.700100302696228027e-01
1.188610315322875977e+00
8.438925147056579590e-01
7.815392613410949707e-01
9.544278979301452637e-01
7.022559642791748047e-01
7.186551094055175781e-01
6.712918281555175781e-01
1.292326807975769043e+00
5.941275358200073242e-01
7.364505529403686523e-01
5.698968172073364258e-01
7.335443496704101562e-01
5.861142277717590332e-01
8.246163129806518555e-01
6.989948153495788574e-01
6.391106843948364258e-01
8.514045476913452148e-01
8.022544384002685547e-01
5.232406258583068848e-01
4.011773467063903809e-01
6.215651035308837891e-01
6.206110119819641113e-01
7.496240735054016113e-01
7.874327301979064941e-01
5.516745448112487793e-01
7.039682865142822266e-01
5.609537363052368164e-01
5.035509467124938965e-01
6.093395948410034180e-01
8.449074029922485352e-01
7.784897089004516602e-01
1.000154972076416016e+00
5.152460336685180664e-01
4.557583034038543701e-01
6.592326164245605469e-01
4.645261764526367188e-01
4.514465928077697754e-01
6.854001283645629883e-01
5.326977968215942383e-01
8.499941825866699219e-01
6.201453208923339844e-01
6.094360351562500000e-01
1.362367033958435059e+00
6.102518439292907715e-01
4.876489043235778809e-01
5.222523212432861328e-01
6.502954363822937012e-01
6.127959489822387695e-01
5.944751501083374023e-01
8.062605261802673340e-01
7.348195910453796387e-01
5.915302038192749023e-01
5.851197242736816406e-01
6.061733365058898926e-01
3.492375135421752930e+00
3.556063473224639893e-01
5.748677849769592285e-01
6.107186675071716309e-01
6.160693168640136719e-01
4.163825809955596924e-01
8.181077241897583008e-01
5.307353138923645020e-01
4.574669003486633301e-01
7.999013066291809082e-01
5.812001824378967285e-01
4.459946751594543457e-01
4.462177455425262451e-01
5.676004886627197266e-01
7.341320514678955078e-01
4.831068217754364014e-01
5.148041248321533203e-01
6.376335024833679199e-01
7.005619406700134277e-01
5.622964501380920410e-01
5.740282535552978516e-01
7.515248656272888184e-01
5.417500734329223633e-01
5.119051337242126465e-01
6.426306962966918945e-01
5.749430656433105469e-01
7.119329571723937988e-01
5.064725875854492188e-01
3.601602017879486084e-01
5.296225547790527344e-01
4.958997070789337158e-01
3.954403996467590332e-01
5.139682292938232422e-01
5.278663039207458496e-01
7.358520030975341797e-01
6.041333079338073730e-01
6.517165899276733398e-01
4.856953322887420654e-01
3.924193084239959717e-01
5.114986896514892578e-01
2.535590231418609619e-01
5.147219300270080566e-01
4.229310154914855957e-01
4.449092149734497070e-01
5.248178243637084961e-01
9.404489398002624512e-01
5.356606245040893555e-01
6.001932621002197266e-01
6.203764677047729492e-01
4.747190475463867188e-01
6.596146821975708008e-01
4.084280431270599365e-01
5.969568490982055664e-01
3.526531457901000977e-01
4.771705865859985352e-01
5.392435789108276367e-01
7.594927549362182617e-01
3.769734501838684082e-01
4.477469623088836670e-01
6.475471258163452148e-01
6.088642477989196777e-01
4.459781944751739502e-01
4.335667788982391357e-01
2.842293679714202881e-01
5.088425874710083008e-01
5.002380609512329102e-01
3.971887528896331787e-01
4.069014489650726318e-01
4.515667855739593506e-01
5.167897939682006836e-01
3.595660030841827393e-01
4.064211547374725342e-01
5.357879400253295898e-01
3.920901715755462646e-01
6.467979550361633301e-01
3.499316275119781494e-01
5.166307687759399414e-01
4.652166366577148438e-01
5.830873847007751465e-01
5.112188458442687988e-01
6.007134914398193359e-01
4.438987672328948975e-01
5.612980127334594727e-01
5.466235876083374023e-01
4.068204760551452637e-01
5.736451745033264160e-01
3.888245224952697754e-01
5.188143849372863770e-01
5.069684982299804688e-01
5.681378841400146484e-01
3.807696104049682617e-01
5.460724234580993652e-01
3.712890148162841797e-01
4.450929760932922363e-01
4.268335402011871338e-01
6.080275774002075195e-01
4.549748897552490234e-01
6.417281627655029297e-01
3.800221979618072510e-01
4.975333809852600098e-01
4.756098985671997070e-01
4.886047542095184326e-01
4.127361774444580078e-01
3.568638265132904053e-01
3.428961932659149170e-01
3.927046656608581543e-01
3.880430459976196289e-01
3.011640012264251709e-01
6.314333677291870117e-01
3.809214830398559570e-01
4.776746928691864014e-01
4.165102541446685791e-01
4.112134277820587158e-01
3.910275101661682129e-01
3.962580263614654541e-01
4.214057326316833496e-01
4.439173340797424316e-01
5.118442773818969727e-01
3.737821578979492188e-01
4.777365922927856445e-01
3.270144164562225342e-01
5.101745128631591797e-01
4.143770635128021240e-01
3.984641134738922119e-01
3.493723273277282715e-01
3.991208672523498535e-01
3.637321889400482178e-01
3.080203831195831299e-01
3.910775780677795410e-01
4.609283208847045898e-01
4.014108479022979736e-01
4.607427120208740234e-01
5.053367018699645996e-01
5.129227638244628906e-01
3.975984752178192139e-01
5.284363031387329102e-01
3.834855854511260986e-01
4.403666853904724121e-01
3.864335119724273682e-01
3.979239463806152344e-01
3.103976547718048096e-01
5.446703433990478516e-01
4.104215204715728760e-01
3.459188640117645264e-01
5.989905595779418945e-01
4.625117778778076172e-01
4.226922988891601562e-01
4.485720396041870117e-01
3.094682395458221436e-01
4.368273019790649414e-01
6.277693510055541992e-01
4.233151078224182129e-01
2.612289786338806152e-01
3.120077848434448242e-01
4.825181066989898682e-01
5.182231068611145020e-01
6.004241704940795898e-01
4.442215561866760254e-01
4.775093793869018555e-01
5.610004067420959473e-01
6.994269490242004395e-01
4.953142404556274414e-01
5.525748729705810547e-01
5.124393105506896973e-01
4.036531150341033936e-01
4.714952409267425537e-01
4.418658614158630371e-01
4.341670274734497070e-01
2.956473827362060547e-01
4.579628407955169678e-01
4.410661756992340088e-01
5.531128048896789551e-01
3.637973368167877197e-01
5.735636949539184570e-01
5.867199301719665527e-01
5.067310929298400879e-01
3.213694989681243896e-01
3.026288449764251709e-01
3.792825341224670410e-01
2.406446784734725952e-01
4.649837315082550049e-01
3.719447553157806396e-01
3.686865568161010742e-01
6.123120784759521484e-01
4.738168120384216309e-01
3.166223764419555664e-01
3.385746479034423828e-01
3.909223675727844238e-01
3.390136063098907471e-01
6.264681220054626465e-01
5.284994840621948242e-01
3.860634863376617432e-01
3.794676065444946289e-01
3.719089627265930176e-01
5.290396809577941895e-01
4.162420630455017090e-01
3.777904212474822998e-01
3.703215718269348145e-01
3.496426343917846680e-01
4.308066070079803467e-01
3.225163221359252930e-01
3.262280821800231934e-01
3.444772064685821533e-01
2.985650599002838135e-01
3.156244754791259766e-01
4.134907424449920654e-01
3.499716818332672119e-01
4.097102582454681396e-01
5.685299038887023926e-01
4.499464631080627441e-01
4.880187809467315674e-01
5.741334557533264160e-01
4.015489518642425537e-01
3.239440619945526123e-01
2.415652126073837280e-01
4.972781538963317871e-01
4.015971422195434570e-01
4.098367393016815186e-01
2.977338433265686035e-01
2.958095371723175049e-01
4.660182595252990723e-01
3.185196816921234131e-01
5.714859366416931152e-01
3.547512888908386230e-01
3.628878891468048096e-01
4.850461781024932861e-01
2.984662055969238281e-01
3.654924631118774414e-01
3.908171951770782471e-01
4.396728277206420898e-01
5.615215897560119629e-01
5.854343175888061523e-01
2.965477406978607178e-01
3.264461755752563477e-01
3.851295113563537598e-01
3.525997996330261230e-01
3.931853473186492920e-01
4.350502490997314453e-01
3.845521807670593262e-01
3.818708658218383789e-01
2.406569570302963257e-01
4.374350011348724365e-01
5.457013845443725586e-01
3.147771656513214111e-01
3.558323085308074951e-01
2.357781380414962769e-01
4.648931026458740234e-01
3.179822564125061035e-01
3.170706033706665039e-01
5.076383352279663086e-01
3.770174980163574219e-01
3.412531912326812744e-01
4.167577624320983887e-01
3.888405263423919678e-01
3.875328600406646729e-01
