4.900462150573730469e+00
5.133201122283935547e+00
4.533163070678710938e+00
5.005432605743408203e+00
5.049058914184570312e+00
5.751505851745605469e+00
5.716358661651611328e+00
3.777082204818725586e+00
3.821634292602539062e+00
3.593776941299438477e+00
4.480955600738525391e+00
4.653338909149169922e+00
4.149422645568847656e+00
4.160807609558105469e+00
3.813913106918334961e+00
3.471655845642089844e+00
3.251370906829833984e+00
3.053807735443115234e+00
3.612089395523071289e+00
2.912723302841186523e+00
2.152986764907836914e+00
2.635385036468505859e+00
2.195724964141845703e+00
2.559916257858276367e+00
2.793560743331909180e+00
2.059657096862792969e+00
1.529143571853637695e+00
1.421624422073364258e+00
1.724403977394104004e+00
1.771952390670776367e+00
1.578010320663452148e+00
1.427652120590209961e+00
1.640655279159545898e+00
1.732418298721313477e+00
1.198552608489990234e+00
1.290971040725708008e+00
1.595143795013427734e+00
1.473886966705322266e+00
2.258502006530761719e+00
1.572585582733154297e+00
1.227014064788818359e+00
1.098068952560424805e+00
1.035108327865600586e+00
1.131206274032592773e+00
9.945473670959472656e-01
1.039585590362548828e+00
8.097763061523437500e+00
8.299431204795837402e-01
1.178250789642333984e+00
1.133314013481140137e+00
9.427881240844726562e-01
1.447385430335998535e+00
1.167425990104675293e+00
8.162713050842285156e-01
9.676739573478698730e-01
9.836260080337524414e-01
1.161573886871337891e+00
1.247373819351196289e+00
6.986393928527832031e-01
8.835846185684204102e-01
7.820753455162048340e-01
6.330971121788024902e-01
1.729847145080566406e+01
9.041368961334228516e-01
9.388925433158874512e-01
1.199706315994262695e+00
8.071766495704650879e-01
6.989142894744873047e-01
8.890427947044372559e-01
8.789088726043701172e-01
1.227209568023681641e+00
9.849511981010437012e-01
8.892715573310852051e-01
8.577848076820373535e-01
8.354146480560302734e-01
1.072689771652221680e+00
8.701864480972290039e-01
7.952501177787780762e-01
1.041831493377685547e+00
8.848292827606201172e-01
7.854881882667541504e-01
6.998161077499389648e-01
8.626690506935119629e-01
8.200616240501403809e-01
6.144915223121643066e-01
7.353613376617431641e-01
7.657207846641540527e-01
7.885534763336181641e-01
9.640467762947082520e-01
6.918280124664306641e-01
8.885207176208496094e-01
7.673475742340087891e-01
9.139390587806701660e-01
9.097567200660705566e-01
9.597198963165283203e-01
7.717740535736083984e-01
6.971981525421142578e-01
4.673823118209838867e-01
8.019908666610717773e-01
1.457451343536376953e+00
9.489789009094238281e-01
5.530341863632202148e-01
6.866949200630187988e-01
4.412147104740142822e-01
4.061329364776611328e-01
7.227114439010620117e-01
7.465252876281738281e-01
6.089743375778198242e-01
4.544980525970458984e-01
8.131411671638488770e-01
7.269198298454284668e-01
6.773313879966735840e-01
5.439798831939697266e-01
5.097264647483825684e-01
7.410230636596679688e-01
8.651300668716430664e-01
7.756095528602600098e-01
9.221724271774291992e-01
5.236936211585998535e-01
6.830102205276489258e-01
6.155471801757812500e-01
6.949661970138549805e-01
5.988977551460266113e-01
6.668667197227478027e-01
4.590769410133361816e-01
6.788183450698852539e-01
7.992371916770935059e-01
6.177002787590026855e-01
6.743700504302978516e-01
1.087207078933715820e+00
4.627316296100616455e-01
4.221051037311553955e-01
6.516174674034118652e-01
5.668367147445678711e-01
4.487685859203338623e-01
4.455269575119018555e-01
5.869764685630798340e-01
4.920978844165802002e-01
6.332257986068725586e-01
5.826273560523986816e-01
7.101991176605224609e-01
5.412726402282714844e-01
7.360221743583679199e-01
5.358452796936035156e-01
3.964603841304779053e-01
3.887940645217895508e-01
7.333407998085021973e-01
3.471406996250152588e-01
5.101211071014404297e-01
6.407966613769531250e-01
4.338585436344146729e-01
4.820513129234313965e-01
6.413381099700927734e-01
6.856444478034973145e-01
4.217737317085266113e-01
6.025965213775634766e-01
4.171945452690124512e-01
7.710367441177368164e-01
3.099755048751831055e+00
6.743661165237426758e-01
6.171658039093017578e-01
5.905256271362304688e-01
6.459231376647949219e-01
8.065962195396423340e-01
6.860261559486389160e-01
4.934025406837463379e-01
6.349561214447021484e-01
6.487361192703247070e-01
4.737831056118011475e-01
4.514216184616088867e-01
4.153853356838226318e-01
4.934249520301818848e-01
7.166339159011840820e-01
5.781451463699340820e-01
6.885094046592712402e-01
5.774438977241516113e-01
4.955397546291351318e-01
5.550000667572021484e-01
4.607902765274047852e-01
5.886838436126708984e-01
5.887455940246582031e-01
5.226635336875915527e-01
4.338799715042114258e-01
4.325407445430755615e-01
5.594506859779357910e-01
5.293950438499450684e-01
6.903972625732421875e-01
6.822677850723266602e-01
5.590062737464904785e-01
3.516512215137481689e-01
7.308960556983947754e-01
4.588002860546112061e-01
5.424820780754089355e-01
3.712363839149475098e-01
5.605121850967407227e-01
6.183848977088928223e-01
4.867350161075592041e-01
3.318912982940673828e-01
3.677510023117065430e-01
5.247225761413574219e-01
3.745870590209960938e-01
4.376295208930969238e-01
4.664299786090850830e-01
3.797625303268432617e-01
5.439709424972534180e-01
4.700205624103546143e-01
4.251306951045989990e-01
4.497556686401367188e-01
4.397918581962585449e-01
5.836327075958251953e-01
3.670403957366943359e-01
4.372577965259552002e-01
5.837746858596801758e-01
5.977481007575988770e-01
5.889962911605834961e-01
3.370052576065063477e-01
4.725461900234222412e-01
3.863693475723266602e-01
3.422912359237670898e-01
4.411019384860992432e-01
3.726298213005065918e-01
4.770455956459045410e-01
4.427672028541564941e-01
5.868644714355468750e-01
5.202473402023315430e-01
4.390246570110321045e-01
6.053786277770996094e-01
5.961499214172363281e-01
5.942105054855346680e-01
5.863232612609863281e-01
3.911475539207458496e-01
7.589738965034484863e-01
3.339823186397552490e-01
4.928239881992340088e-01
5.921540260314941406e-01
5.186561346054077148e-01
4.825921058654785156e-01
5.347148180007934570e-01
6.280754208564758301e-01
5.143424272537231445e-01
4.765062928199768066e-01
3.502728641033172607e-01
5.911250114440917969e-01
4.431566894054412842e-01
5.631284713745117188e-01
6.735153198242187500e-01
5.093915462493896484e-01
4.738219976425170898e-01
5.289212465286254883e-01
4.955884218215942383e-01
3.597488403320312500e-01
6.281521320343017578e-01
5.956444740295410156e-01
5.522232651710510254e-01
4.545665383338928223e-01
4.498347043991088867e-01
3.830943703651428223e-01
4.075877070426940918e-01
4.890209734439849854e-01
5.423927903175354004e-01
4.220163524150848389e-01
4.703701734542846680e-01
5.421435832977294922e-01
3.517093658447265625e-01
3.964054584503173828e-01
4.748352169990539551e-01
4.911722838878631592e-01
2.830992043018341064e-01
4.567329287528991699e-01
3.748421669006347656e-01
6.034196615219116211e-01
5.442570447921752930e-01
3.827312886714935303e-01
3.917142152786254883e-01
3.735365867614746094e-01
5.212583541870117188e-01
4.711373746395111084e-01
4.466156363487243652e-01
4.361753165721893311e-01
4.057126343250274658e-01
4.154483675956726074e-01
3.769904375076293945e-01
5.809687376022338867e-01
4.820578396320343018e-01
5.166209936141967773e-01
3.009795844554901123e-01
4.277719259262084961e-01
4.671975374221801758e-01
4.284221827983856201e-01
4.663667380809783936e-01
3.966167569160461426e-01
4.195583462715148926e-01
3.496044576168060303e-01
3.540968298912048340e-01
4.264399707317352295e-01
2.629893124103546143e-01
4.332618117332458496e-01
6.379203796386718750e-01
3.279842734336853027e-01
4.286668300628662109e-01
3.482891321182250977e-01
4.409673810005187988e-01
4.815623760223388672e-01
3.739315271377563477e-01
5.176423788070678711e-01
5.001661777496337891e-01
4.338514506816864014e-01
4.294819831848144531e-01
3.454400897026062012e-01
3.675441741943359375e-01
4.023805260658264160e-01
4.425528943538665771e-01
4.302820563316345215e-01
4.276050925254821777e-01
4.014967083930969238e-01
4.007543325424194336e-01
3.809840977191925049e-01
5.180341601371765137e-01
4.742952883243560791e-01
5.447823405265808105e-01
4.696347117424011230e-01
3.475275039672851562e-01
4.532394409179687500e-01
4.413185715675354004e-01
4.011933207511901855e-01
4.048661887645721436e-01
2.509524226188659668e-01
2.756438255310058594e-01
4.375084042549133301e-01
4.339885115623474121e-01
4.571589231491088867e-01
3.468547463417053223e-01
2.397079467773437500e-01
5.159772038459777832e-01
4.628596901893615723e-01
3.354154825210571289e-01
4.146155416965484619e-01
5.378080606460571289e-01
4.404402971267700195e-01
3.968158662319183350e-01
5.015357732772827148e-01
3.667544126510620117e-01
4.696464836597442627e-01
5.507613420486450195e-01
6.380062103271484375e-01
3.848385512828826904e-01
3.068030476570129395e-01
4.781195819377899170e-01
3.657920658588409424e-01
4.748182594776153564e-01
4.153033494949340820e-01
3.632963895797729492e-01
8.015195131301879883e-01
4.355150759220123291e-01
3.660081326961517334e-01
3.974398374557495117e-01
2.547029554843902588e-01
2.689467370510101318e-01
4.038316011428833008e-01
2.978051602840423584e-01
5.501567721366882324e-01
5.243191719055175781e-01
3.743463456630706787e-01
2.713802456855773926e-01
4.323876500129699707e-01
4.454755485057830811e-01
3.847374320030212402e-01
2.842159867286682129e-01
4.208280146121978760e-01
3.557465970516204834e-01
4.356669783592224121e-01
3.452866971492767334e-01
4.314826726913452148e-01
2.889352738857269287e-01
4.479460716247558594e-01
4.662551879882812500e-01
3.850980401039123535e-01
4.158720672130584717e-01
5.258206129074096680e-01
3.920589685440063477e-01
4.114696383476257324e-01
3.775136470794677734e-01
4.132464826107025146e-01
3.642031550407409668e-01
3.271035254001617432e-01
2.668521702289581299e-01
2.756974101066589355e-01
