5.168163299560546875e+00
4.834436893463134766e+00
4.864649772644042969e+00
5.175384521484375000e+00
4.975778579711914062e+00
4.443974494934082031e+00
4.943099498748779297e+00
3.629759550094604492e+00
5.374351501464843750e+00
3.875783205032348633e+00
3.860614776611328125e+00
3.674019813537597656e+00
5.347406864166259766e+00
4.525218486785888672e+00
3.244572162628173828e+00
3.266602993011474609e+00
3.115957260131835938e+00
3.272308826446533203e+00
3.897698402404785156e+00
2.467932939529418945e+00
3.496720790863037109e+00
2.869066953659057617e+00
2.705688238143920898e+00
2.177485466003417969e+00
2.420588493347167969e+00
1.667044639587402344e+00
2.089294195175170898e+00
1.888177275657653809e+00
1.073750257492065430e+00
1.487256646156311035e+00
2.438874483108520508e+00
1.337339758872985840e+00
9.994612932205200195e-01
1.052802085876464844e+00
1.050434112548828125e+00
2.087758779525756836e+00
6.901451587677001953e+00
1.553138971328735352e+00
1.145617961883544922e+00
1.175411224365234375e+00
1.086208105087280273e+00
8.438107371330261230e-01
7.846288681030273438e-01
1.250462532043457031e+00
1.504294991493225098e+00
1.317420363426208496e+00
1.503886938095092773e+00
9.788438081741333008e-01
7.495331168174743652e-01
8.251085877418518066e-01
1.075391173362731934e+00
8.589259386062622070e-01
8.057647943496704102e-01
8.760190010070800781e-01
1.284691333770751953e+00
2.554843711853027344e+01
8.455337285995483398e-01
1.042146325111389160e+00
9.841144680976867676e-01
8.831564188003540039e-01
1.137141942977905273e+00
5.182563781738281250e+00
1.388227701187133789e+00
1.101784110069274902e+00
1.122812271118164062e+00
1.047347784042358398e+00
8.854499459266662598e-01
1.104249477386474609e+00
9.250134825706481934e-01
7.838919758796691895e-01
7.881445288658142090e-01
1.170413017272949219e+00
7.268471121788024902e-01
1.164861679077148438e+00
9.139432907104492188e-01
9.365046024322509766e-01
9.186178445816040039e-01
1.073518276214599609e+00
6.259080171585083008e-01
9.905436038970947266e-01
8.059000968933105469e-01
7.657949328422546387e-01
6.932647228240966797e-01
5.086102485656738281e-01
6.327815651893615723e-01
9.928748607635498047e-01
6.786546111106872559e-01
7.497625350952148438e-01
9.386786818504333496e-01
9.601358771324157715e-01
8.478554487228393555e-01
6.557329893112182617e-01
9.759796261787414551e-01
6.686825752258300781e-01
8.799194097518920898e-01
7.928003668785095215e-01
9.113984704017639160e-01
7.405285835266113281e-01
4.584764838218688965e-01
6.216582059860229492e-01
7.334902286529541016e-01
5.575531125068664551e-01
8.958361148834228516e-01
6.242541670799255371e-01
1.039216756820678711e+00
4.393087625503540039e-01
8.078913688659667969e-01
8.556948900222778320e-01
1.166800260543823242e+00
8.758790493011474609e-01
8.459876179695129395e-01
7.297564148902893066e-01
5.895651578903198242e-01
9.614984393119812012e-01
9.237124919891357422e-01
8.539479970932006836e-01
6.105577349662780762e-01
7.352475523948669434e-01
6.812915205955505371e-01
7.344123721122741699e-01
6.876460313796997070e-01
5.570251345634460449e-01
6.023538708686828613e-01
7.163010239601135254e-01
9.551863670349121094e-01
6.692219376564025879e-01
5.896820425987243652e-01
5.884402990341186523e-01
7.852857112884521484e-01
7.515740990638732910e-01
8.896715641021728516e-01
5.144461989402770996e-01
5.830849409103393555e-01
6.904109716415405273e-01
8.187538981437683105e-01
6.844260096549987793e-01
6.859849095344543457e-01
6.524983048439025879e-01
5.025481581687927246e-01
4.740669131278991699e-01
6.608932614326477051e-01
4.552256464958190918e-01
6.124125123023986816e-01
6.050521135330200195e-01
5.301347970962524414e-01
5.652163624763488770e-01
7.953939437866210938e-01
5.739515423774719238e-01
1.206005930900573730e+00
7.810096740722656250e-01
7.217955589294433594e-01
5.679275989532470703e-01
6.376774907112121582e-01
7.249424457550048828e-01
6.374722719192504883e-01
6.617873907089233398e-01
4.524616599082946777e-01
7.095856666564941406e-01
5.271904468536376953e-01
7.581364512443542480e-01
7.469317913055419922e-01
5.209464430809020996e-01
7.825149893760681152e-01
7.053702473640441895e-01
7.549707889556884766e-01
7.533941268920898438e-01
5.606129169464111328e-01
7.689144015312194824e-01
5.569597482681274414e-01
3.792714774608612061e-01
4.792200922966003418e-01
6.333554983139038086e-01
3.989392518997192383e-01
4.974918961524963379e-01
3.685286045074462891e-01
4.814477264881134033e-01
9.302625656127929688e-01
5.267963409423828125e-01
6.503561735153198242e-01
5.210908651351928711e-01
3.783501684665679932e-01
4.073731601238250732e-01
5.084735155105590820e-01
5.909698009490966797e-01
4.568421244621276855e-01
4.803252220153808594e-01
5.746825933456420898e-01
4.749184846878051758e-01
5.968114733695983887e-01
5.605922937393188477e-01
3.629657030105590820e-01
4.378375113010406494e-01
5.452761054039001465e-01
5.956200361251831055e-01
4.649007618427276611e-01
4.759220182895660400e-01
6.701067686080932617e-01
8.299237489700317383e-01
5.254728794097900391e-01
6.743460893630981445e-01
8.318842053413391113e-01
3.908903300762176514e-01
5.380016565322875977e-01
6.337842941284179688e-01
4.613725244998931885e-01
4.262767434120178223e-01
5.316506624221801758e-01
3.882850885391235352e+00
6.022959947586059570e-01
4.381352663040161133e-01
4.824946224689483643e-01
7.746539115905761719e-01
4.642549753189086914e-01
5.104672908782958984e-01
6.613355278968811035e-01
5.323821306228637695e-01
4.372100234031677246e-01
3.905971944332122803e-01
5.793438553810119629e-01
5.025880336761474609e-01
6.189499497413635254e-01
5.643025636672973633e-01
8.303195238113403320e-01
4.520576298236846924e-01
4.840028285980224609e-01
4.873810708522796631e-01
4.231642186641693115e-01
4.194315671920776367e-01
5.355854630470275879e-01
3.590143918991088867e-01
4.723287820816040039e-01
5.198887586593627930e-01
4.673363864421844482e-01
4.495052397251129150e-01
5.234339237213134766e-01
5.448935627937316895e-01
5.176627039909362793e-01
4.687233567237854004e-01
4.853483140468597412e-01
4.883141219615936279e-01
4.100555479526519775e-01
6.787606477737426758e-01
5.434535741806030273e-01
4.933769106864929199e-01
7.200007438659667969e-01
4.509638547897338867e-01
3.385620117187500000e-01
4.484322965145111084e-01
4.517380595207214355e-01
4.618394970893859863e-01
3.937306702136993408e-01
4.281435012817382812e-01
4.374513924121856689e-01
4.972861409187316895e-01
3.742761015892028809e-01
5.805891752243041992e-01
4.382249712944030762e-01
4.769560098648071289e-01
4.657283723354339600e-01
2.948107123374938965e-01
3.664997518062591553e-01
4.265769124031066895e-01
5.171084403991699219e-01
4.561118483543395996e-01
6.013532280921936035e-01
4.961053133010864258e-01
7.093420624732971191e-01
5.946890711784362793e-01
4.402377903461456299e-01
4.451965987682342529e-01
5.542899370193481445e-01
4.614740014076232910e-01
4.252676367759704590e-01
4.666177928447723389e-01
4.346853494644165039e-01
4.254028201103210449e-01
5.180639624595642090e-01
3.706555068492889404e-01
3.297966122627258301e-01
4.923333823680877686e-01
3.613748550415039062e-01
5.534900426864624023e-01
6.480854749679565430e-01
4.760241508483886719e-01
3.289590775966644287e-01
3.786403536796569824e-01
4.389148950576782227e-01
4.297026097774505615e-01
2.637988328933715820e-01
3.592600226402282715e-01
6.357991695404052734e-01
2.926729619503021240e-01
4.417405128479003906e-01
3.474063277244567871e-01
4.011763632297515869e-01
5.554881691932678223e-01
4.522008299827575684e-01
2.497758865356445312e-01
7.797617316246032715e-01
3.847877383232116699e-01
3.943031430244445801e-01
4.956885576248168945e-01
4.745499491691589355e-01
6.377737522125244141e-01
3.933082222938537598e-01
4.492266774177551270e-01
5.381125807762145996e-01
4.107845425605773926e-01
4.617133140563964844e-01
3.847062289714813232e-01
5.443987846374511719e-01
5.430011153221130371e-01
5.045191645622253418e-01
5.928876399993896484e-01
4.807049930095672607e-01
4.834171831607818604e-01
3.778103590011596680e-01
3.075244426727294922e-01
3.533446490764617920e-01
6.820269227027893066e-01
3.992212712764739990e-01
5.100352168083190918e-01
2.871456444263458252e-01
5.517948269844055176e-01
4.417478740215301514e-01
4.733118414878845215e-01
5.328128337860107422e-01
4.472704529762268066e-01
4.323331117630004883e-01
4.065489470958709717e-01
4.315621852874755859e-01
5.320497751235961914e-01
4.422003626823425293e-01
5.615596771240234375e-01
4.805040061473846436e-01
3.761389255523681641e-01
4.499472677707672119e-01
3.221922218799591064e-01
3.693685531616210938e-01
4.219727516174316406e-01
4.790362119674682617e-01
6.335954666137695312e-01
5.665990710258483887e-01
3.621428906917572021e-01
4.748435020446777344e-01
3.548088669776916504e-01
4.019817709922790527e-01
3.353987336158752441e-01
5.014222860336303711e-01
3.358335196971893311e-01
4.886459708213806152e-01
3.045459389686584473e-01
3.950497508049011230e-01
3.894299864768981934e-01
2.766667902469635010e-01
3.376524448394775391e-01
4.188470840454101562e-01
4.551728963851928711e-01
5.446168184280395508e-01
3.303074538707733154e-01
5.478067398071289062e-01
3.549861013889312744e-01
3.167848885059356689e-01
4.074710607528686523e-01
3.722670674324035645e-01
4.007042050361633301e-01
6.822049021720886230e-01
2.302875816822052002e-01
4.112656712532043457e-01
4.352964162826538086e-01
4.863117933273315430e-01
3.595925569534301758e-01
5.081926584243774414e-01
3.260460495948791504e-01
3.665609061717987061e-01
5.075197815895080566e-01
4.803602099418640137e-01
5.433607101440429688e-01
2.457455843687057495e-01
4.673882126808166504e-01
4.407766461372375488e-01
4.867295026779174805e-01
4.153375923633575439e-01
2.999413013458251953e-01
4.239539504051208496e-01
3.990226089954376221e-01
4.723628163337707520e-01
