5.263788700103759766e+00
4.605332374572753906e+00
5.161102294921875000e+00
4.911649703979492188e+00
4.955940246582031250e+00
4.489497661590576172e+00
4.498258113861083984e+00
3.497896194458007812e+00
4.274406433105468750e+00
4.855633735656738281e+00
4.056694984436035156e+00
4.935438156127929688e+00
2.986216068267822266e+00
3.550924539566040039e+00
3.388334989547729492e+00
3.764534950256347656e+00
3.713501691818237305e+00
2.737326383590698242e+00
2.749811172485351562e+00
3.033211708068847656e+00
1.933528184890747070e+00
1.810177326202392578e+00
2.261581420898437500e+00
1.524202585220336914e+00
1.940380811691284180e+00
2.061380863189697266e+00
1.103159189224243164e+00
8.909399986267089844e+00
1.240287899971008301e+00
1.320614099502563477e+00
1.458910584449768066e+00
1.125449180603027344e+00
1.299742937088012695e+00
1.370459079742431641e+00
1.247389316558837891e+00
1.232290744781494141e+00
1.086053609848022461e+00
7.741572856903076172e-01
1.003439784049987793e+00
8.718123435974121094e-01
1.076677083969116211e+00
8.328384160995483398e-01
8.775213360786437988e-01
9.283922910690307617e-01
1.276296257972717285e+00
8.108289837837219238e-01
1.162858843803405762e+00
7.807704806327819824e-01
1.098554134368896484e+00
7.458549737930297852e-01
1.077117800712585449e+00
8.616582751274108887e-01
5.997834801673889160e-01
9.078616499900817871e-01
7.046712636947631836e-01
7.838935256004333496e-01
7.665582895278930664e-01
7.033398151397705078e-01
6.671649813652038574e-01
1.201174736022949219e+00
1.164983272552490234e+00
6.102613210678100586e-01
7.609549760818481445e-01
1.000671744346618652e+00
8.151357173919677734e-01
6.388148069381713867e-01
6.977127790451049805e-01
9.032486677169799805e-01
7.864452600479125977e-01
1.904924583435058594e+01
8.311538696289062500e-01
1.071565270423889160e+00
7.864086627960205078e-01
5.694357156753540039e-01
8.538834452629089355e-01
7.930454015731811523e-01
9.393936395645141602e-01
7.324246168136596680e-01
8.605860471725463867e-01
5.710164904594421387e-01
6.714084148406982422e-01
8.567942380905151367e-01
8.221232891082763672e-01
7.465453147888183594e-01
7.017920613288879395e-01
4.513531327247619629e-01
9.291369318962097168e-01
7.345504760742187500e-01
5.848780274391174316e-01
7.178519964218139648e-01
9.711612462997436523e-01
6.333557963371276855e-01
6.644858717918395996e-01
4.478724896907806396e-01
5.676661133766174316e-01
5.255333185195922852e-01
7.214601635932922363e-01
5.728207230567932129e-01
6.178220510482788086e-01
7.844656705856323242e-01
4.583607017993927002e-01
6.798185706138610840e-01
5.513705611228942871e-01
7.832128405570983887e-01
9.068942666053771973e-01
7.996518611907958984e-01
5.210320949554443359e-01
6.788307428359985352e-01
7.044055461883544922e-01
6.316255331039428711e-01
5.759035348892211914e-01
4.845397472381591797e-01
5.164015293121337891e-01
7.469145059585571289e-01
7.243241667747497559e-01
6.091929078102111816e-01
4.575911164283752441e-01
8.671259880065917969e-01
4.325304031372070312e-01
7.219201326370239258e-01
1.265258908271789551e+00
7.873862981796264648e-01
5.903956294059753418e-01
5.383020639419555664e-01
6.095831394195556641e-01
6.504366397857666016e-01
7.253584861755371094e-01
6.721767783164978027e-01
7.084412574768066406e-01
8.266519904136657715e-01
4.493201971054077148e-01
6.110314726829528809e-01
6.042804718017578125e-01
7.027789950370788574e-01
5.106663703918457031e-01
3.609997332096099854e-01
5.098913908004760742e-01
4.876021742820739746e-01
6.976491212844848633e-01
6.895653009414672852e-01
6.109763383865356445e-01
4.631103873252868652e-01
4.824810326099395752e-01
4.757777750492095947e-01
6.154300570487976074e-01
5.434336662292480469e-01
3.969814181327819824e-01
4.799077510833740234e-01
3.621022403240203857e-01
5.464931726455688477e-01
6.308975815773010254e-01
5.611944794654846191e-01
5.265172123908996582e-01
6.138621568679809570e-01
5.607000589370727539e-01
5.196165442466735840e-01
5.368492007255554199e-01
5.820701122283935547e-01
4.102228879928588867e-01
4.312644898891448975e-01
8.202553987503051758e-01
4.548179209232330322e-01
4.656375646591186523e-01
6.672679781913757324e-01
6.323620080947875977e-01
6.288896203041076660e-01
7.046031951904296875e-01
5.984401702880859375e-01
5.577499866485595703e-01
5.324312448501586914e-01
4.437326192855834961e-01
3.858331143856048584e-01
5.997806191444396973e-01
4.011169970035552979e-01
4.605319797992706299e-01
5.879995226860046387e-01
4.802236557006835938e-01
5.219828486442565918e-01
4.364435076713562012e-01
6.370955109596252441e-01
5.396471619606018066e-01
5.379624366760253906e-01
5.200365781784057617e-01
4.558133780956268311e-01
4.007745981216430664e-01
4.634392261505126953e-01
5.925064682960510254e-01
4.958626627922058105e-01
4.258508980274200439e-01
4.946921765804290771e-01
4.367682039737701416e-01
3.937878906726837158e-01
4.333344697952270508e-01
4.061558842658996582e-01
4.230725467205047607e-01
7.022639513015747070e-01
4.474144876003265381e-01
5.058125257492065430e-01
5.049474835395812988e-01
3.415780365467071533e-01
4.250483512878417969e-01
4.437836706638336182e-01
4.256334006786346436e-01
6.238535642623901367e-01
3.878036439418792725e-01
6.817108392715454102e-01
5.449480414390563965e-01
3.312279284000396729e-01
4.481616914272308350e-01
5.852074027061462402e-01
6.392711400985717773e-01
3.434900641441345215e-01
4.101534187793731689e-01
5.798080563545227051e-01
4.597843587398529053e-01
4.976400434970855713e-01
6.392295956611633301e-01
4.837380945682525635e-01
3.755806684494018555e-01
4.522070586681365967e-01
4.461900293827056885e-01
4.226473271846771240e-01
3.800317049026489258e-01
3.589800000190734863e-01
5.779566168785095215e-01
4.244657158851623535e-01
5.361175537109375000e-01
3.351867198944091797e-01
3.108704090118408203e-01
3.528456985950469971e-01
4.118117094039916992e-01
4.414179325103759766e-01
4.292644262313842773e-01
3.730852603912353516e-01
4.367843866348266602e-01
4.954324364662170410e-01
3.545094430446624756e-01
4.814038276672363281e-01
5.685178041458129883e-01
3.712865710258483887e-01
3.619010448455810547e-01
4.763813316822052002e-01
5.493103265762329102e-01
7.167390584945678711e-01
4.814218282699584961e-01
4.734576046466827393e-01
3.361175954341888428e-01
4.798249602317810059e-01
6.302329301834106445e-01
4.057433605194091797e-01
4.629220366477966309e-01
3.236006200313568115e-01
2.884827852249145508e-01
3.755423724651336670e-01
4.876137375831604004e-01
3.560908734798431396e-01
4.139381349086761475e-01
4.190056622028350830e-01
6.154719591140747070e-01
5.175448656082153320e-01
3.926765918731689453e-01
4.733271002769470215e-01
4.048928618431091309e-01
4.621208906173706055e-01
3.554949164390563965e-01
3.570586740970611572e-01
2.772793769836425781e-01
3.802930414676666260e-01
5.273929238319396973e-01
4.190386533737182617e-01
6.363621354103088379e-01
2.543007135391235352e-01
5.677143931388854980e-01
4.394662380218505859e-01
2.605535387992858887e-01
5.257135033607482910e-01
3.492414653301239014e-01
3.295852541923522949e-01
4.149314165115356445e-01
6.290620565414428711e-01
4.416044652462005615e-01
4.331734776496887207e-01
3.507999479770660400e-01
3.752697110176086426e-01
3.823546767234802246e-01
4.496246576309204102e-01
4.810352325439453125e-01
4.158705472946166992e-01
6.239555478096008301e-01
4.253354966640472412e-01
3.819849789142608643e-01
5.400553941726684570e-01
4.938471317291259766e-01
5.116078853607177734e-01
4.740401506423950195e-01
4.082116782665252686e-01
3.535762429237365723e-01
4.294520318508148193e-01
3.714162409305572510e-01
5.977433919906616211e-01
3.598638772964477539e-01
2.840509116649627686e-01
4.538154602050781250e-01
6.010264754295349121e-01
4.212688207626342773e-01
4.269546866416931152e-01
4.064750075340270996e-01
4.375587701797485352e-01
5.916824340820312500e-01
4.263991117477416992e-01
4.869219958782196045e-01
5.135467648506164551e-01
4.006965458393096924e-01
3.568655848503112793e-01
4.072718322277069092e-01
4.769040942192077637e-01
3.280813694000244141e-01
4.602594375610351562e-01
4.537127912044525146e-01
4.062010645866394043e-01
3.861048519611358643e-01
3.544514477252960205e-01
4.131442010402679443e-01
3.801093101501464844e-01
3.431318700313568115e-01
3.628680706024169922e-01
2.990848422050476074e-01
4.451521635055541992e-01
4.043257236480712891e-01
4.251280725002288818e-01
4.304907917976379395e-01
3.196933865547180176e-01
4.165467023849487305e-01
2.953720986843109131e-01
3.556676506996154785e-01
3.605834543704986572e-01
4.824902713298797607e-01
3.973806500434875488e-01
3.705050349235534668e-01
3.739962875843048096e-01
3.927820026874542236e-01
4.707149565219879150e-01
2.633064985275268555e-01
3.880833983421325684e-01
4.265052080154418945e-01
4.406365752220153809e-01
3.348484933376312256e-01
4.174382388591766357e-01
4.017937183380126953e-01
3.150640726089477539e-01
2.726292908191680908e-01
5.796926021575927734e-01
4.195664227008819580e-01
4.015092849731445312e-01
2.770611643791198730e-01
3.060061931610107422e-01
4.314403235912322998e-01
4.424462318420410156e-01
3.950302600860595703e-01
4.865136742591857910e-01
3.844343423843383789e-01
4.758484065532684326e-01
3.473426699638366699e-01
4.093661308288574219e-01
2.994825243949890137e-01
2.497511506080627441e-01
4.331026077270507812e-01
4.854804873466491699e-01
2.766063809394836426e-01
3.565655946731567383e-01
3.091451823711395264e-01
3.589409589767456055e-01
5.006688237190246582e-01
5.487056970596313477e-01
5.110020637512207031e-01
4.423944354057312012e-01
5.699692368507385254e-01
5.807032585144042969e-01
3.931105434894561768e-01
3.988632559776306152e-01
3.569260835647583008e-01
4.034372866153717041e-01
2.496064901351928711e-01
4.095777869224548340e-01
3.982057273387908936e-01
4.173637926578521729e-01
5.180798768997192383e-01
