7.335575222969055176e-01
6.979030370712280273e-01
6.769032478332519531e-01
6.365581154823303223e-01
6.222832202911376953e-01
5.826932787895202637e-01
5.727120637893676758e-01
5.929637551307678223e-01
5.192682147026062012e-01
4.894790947437286377e-01
4.425562024116516113e-01
5.371508598327636719e-01
6.208555698394775391e-01
5.377672910690307617e-01
5.710304975509643555e-01
4.975713193416595459e-01
5.513518452644348145e-01
5.289539694786071777e-01
5.177499651908874512e-01
5.097566246986389160e-01
4.643710255622863770e-01
4.486738741397857666e-01
4.915787875652313232e-01
6.118666529655456543e-01
4.248070716857910156e-01
4.671241343021392822e-01
4.574104547500610352e-01
4.629434049129486084e-01
4.772533774375915527e-01
4.527820646762847900e-01
5.144297480583190918e-01
4.747615456581115723e-01
3.892834782600402832e-01
3.636877536773681641e-01
5.014408230781555176e-01
4.604918062686920166e-01
4.972543120384216309e-01
5.093421339988708496e-01
4.217140078544616699e-01
4.619365930557250977e-01
4.696943759918212891e-01
5.036820173263549805e-01
4.363083839416503906e-01
4.289843440055847168e-01
4.724150896072387695e-01
4.902087152004241943e-01
4.167952239513397217e-01
4.983510076999664307e-01
4.453073740005493164e-01
5.147716999053955078e-01
5.102238655090332031e-01
4.090350866317749023e-01
4.688438475131988525e-01
3.983275294303894043e-01
5.398524999618530273e-01
4.627752602100372314e-01
5.112445950508117676e-01
4.049240946769714355e-01
3.550847768783569336e-01
4.571811258792877197e-01
5.498220920562744141e-01
4.381032586097717285e-01
4.778563678264617920e-01
4.767022132873535156e-01
4.535066187381744385e-01
4.667039811611175537e-01
4.928244650363922119e-01
5.153077244758605957e-01
4.515005946159362793e-01
4.264580905437469482e-01
4.771219491958618164e-01
4.327302277088165283e-01
4.047973453998565674e-01
4.536046981811523438e-01
4.214996993541717529e-01
4.272631406784057617e-01
4.642884731292724609e-01
3.352377712726593018e-01
3.499555885791778564e-01
5.322543978691101074e-01
5.097412467002868652e-01
5.255267620086669922e-01
4.017111659049987793e-01
4.804451465606689453e-01
4.485447108745574951e-01
4.744160175323486328e-01
4.495031237602233887e-01
4.529723823070526123e-01
4.057387709617614746e-01
4.766187369823455811e-01
4.991275668144226074e-01
4.558615386486053467e-01
5.083881616592407227e-01
4.592963755130767822e-01
3.983518779277801514e-01
4.127086997032165527e-01
5.101932883262634277e-01
4.689466655254364014e-01
4.729471206665039062e-01
4.347441196441650391e-01
4.603309035301208496e-01
4.327853918075561523e-01
4.219668209552764893e-01
4.613517224788665771e-01
4.568560123443603516e-01
4.459892511367797852e-01
4.406766593456268311e-01
5.245923399925231934e-01
4.709661900997161865e-01
4.838023781776428223e-01
4.762887656688690186e-01
5.064911842346191406e-01
4.352444112300872803e-01
4.603901207447052002e-01
4.218185842037200928e-01
4.574220478534698486e-01
4.415932297706604004e-01
4.975517392158508301e-01
4.230553507804870605e-01
5.148304700851440430e-01
4.528245925903320312e-01
4.687730967998504639e-01
4.610137045383453369e-01
4.967850446701049805e-01
4.867269098758697510e-01
4.292247593402862549e-01
4.419132173061370850e-01
4.116591811180114746e-01
4.479961097240447998e-01
3.909199535846710205e-01
4.466459453105926514e-01
4.604658484458923340e-01
4.182887971401214600e-01
4.174814820289611816e-01
4.328494668006896973e-01
4.394141733646392822e-01
3.987354040145874023e-01
4.389546811580657959e-01
4.044823050498962402e-01
4.523495435714721680e-01
3.893068730831146240e-01
4.600442051887512207e-01
4.266303777694702148e-01
4.411505460739135742e-01
4.154497385025024414e-01
3.944880664348602295e-01
4.159097075462341309e-01
3.463948965072631836e-01
4.085083603858947754e-01
4.334809184074401855e-01
4.854687452316284180e-01
4.604881405830383301e-01
4.908028841018676758e-01
4.702442288398742676e-01
4.590207040309906006e-01
4.294738173484802246e-01
4.747875332832336426e-01
4.380467832088470459e-01
4.283764660358428955e-01
4.394263327121734619e-01
4.291543960571289062e-01
4.208077490329742432e-01
3.802394568920135498e-01
4.460389912128448486e-01
4.417521953582763672e-01
4.253729879856109619e-01
4.059293270111083984e-01
3.921632766723632812e-01
3.906104564666748047e-01
3.992201685905456543e-01
4.475434720516204834e-01
3.708264231681823730e-01
3.774839639663696289e-01
4.808599054813385010e-01
4.155660569667816162e-01
4.168472588062286377e-01
4.377740323543548584e-01
4.191426038742065430e-01
3.893161714076995850e-01
4.623127281665802002e-01
4.185756146907806396e-01
4.772532880306243896e-01
4.318919777870178223e-01
4.829339683055877686e-01
5.015453696250915527e-01
4.551707804203033447e-01
4.547637403011322021e-01
4.508374929428100586e-01
4.082648158073425293e-01
3.983753919601440430e-01
3.977881073951721191e-01
4.072404205799102783e-01
4.235506355762481689e-01
3.965668380260467529e-01
3.937315046787261963e-01
4.335065782070159912e-01
4.315790534019470215e-01
4.887433946132659912e-01
4.288573265075683594e-01
4.332854151725769043e-01
3.878740370273590088e-01
4.174902141094207764e-01
4.116329252719879150e-01
4.866052865982055664e-01
3.552761971950531006e-01
4.112498164176940918e-01
4.354236125946044922e-01
4.593099951744079590e-01
3.554336428642272949e-01
3.998077511787414551e-01
3.289549648761749268e-01
3.984915912151336670e-01
4.590851068496704102e-01
4.160537123680114746e-01
4.731108546257019043e-01
3.468611538410186768e-01
4.122084379196166992e-01
4.012596905231475830e-01
4.015560150146484375e-01
4.700342118740081787e-01
4.142747819423675537e-01
4.472200572490692139e-01
3.946982622146606445e-01
3.842405676841735840e-01
4.379474818706512451e-01
3.851591944694519043e-01
3.826062381267547607e-01
4.134191870689392090e-01
4.587360918521881104e-01
4.090813696384429932e-01
3.926866948604583740e-01
4.467514753341674805e-01
4.474126994609832764e-01
5.146901607513427734e-01
4.672344923019409180e-01
4.084636270999908447e-01
3.977271616458892822e-01
4.458628594875335693e-01
4.086109995841979980e-01
4.439876377582550049e-01
3.841445744037628174e-01
4.009432494640350342e-01
4.238038659095764160e-01
4.925600886344909668e-01
3.924621045589447021e-01
4.244976639747619629e-01
3.975407481193542480e-01
3.595915138721466064e-01
4.340866506099700928e-01
4.302937388420104980e-01
4.202758967876434326e-01
4.483317136764526367e-01
3.790111541748046875e-01
5.032684206962585449e-01
4.090936183929443359e-01
4.538423418998718262e-01
4.402886033058166504e-01
4.206277132034301758e-01
4.075069129467010498e-01
4.730693399906158447e-01
4.025890529155731201e-01
4.522751271724700928e-01
3.975353837013244629e-01
4.276815354824066162e-01
4.937937259674072266e-01
3.736299276351928711e-01
3.844353556632995605e-01
4.029530286788940430e-01
4.622364640235900879e-01
4.143289327621459961e-01
4.553901255130767822e-01
4.372353255748748779e-01
4.508593976497650146e-01
4.035153687000274658e-01
4.545314013957977295e-01
4.733547270298004150e-01
3.790975511074066162e-01
4.152876436710357666e-01
4.262719154357910156e-01
4.535827934741973877e-01
4.239300191402435303e-01
3.846932351589202881e-01
4.597126245498657227e-01
4.291922152042388916e-01
3.961392939090728760e-01
4.104975461959838867e-01
4.327141046524047852e-01
4.444409012794494629e-01
4.471861720085144043e-01
4.420126676559448242e-01
4.259054660797119141e-01
3.723991513252258301e-01
4.069755375385284424e-01
4.306060373783111572e-01
4.394920170307159424e-01
4.241081476211547852e-01
4.359373152256011963e-01
3.896839916706085205e-01
4.887411296367645264e-01
4.385702311992645264e-01
4.269997179508209229e-01
4.616483151912689209e-01
4.726287126541137695e-01
4.393782019615173340e-01
4.700886607170104980e-01
3.745482265949249268e-01
3.650608658790588379e-01
3.943083584308624268e-01
3.681194782257080078e-01
4.289286732673645020e-01
3.905932903289794922e-01
4.004872143268585205e-01
4.301969707012176514e-01
4.561331868171691895e-01
4.548320174217224121e-01
4.983114898204803467e-01
4.796178638935089111e-01
4.267552793025970459e-01
4.203928112983703613e-01
5.028652548789978027e-01
3.990506231784820557e-01
4.566168785095214844e-01
4.805516004562377930e-01
3.735399544239044189e-01
4.147705733776092529e-01
4.694702625274658203e-01
4.588671028614044189e-01
4.737269282341003418e-01
4.220095872879028320e-01
4.154863059520721436e-01
3.982766866683959961e-01
4.895622730255126953e-01
4.359866082668304443e-01
4.224593341350555420e-01
4.292455315589904785e-01
4.023528099060058594e-01
4.461368322372436523e-01
3.796304166316986084e-01
4.378902912139892578e-01
4.387936592102050781e-01
3.710754513740539551e-01
4.534908533096313477e-01
3.648448884487152100e-01
3.947183787822723389e-01
4.571006298065185547e-01
4.351862668991088867e-01
4.118962287902832031e-01
3.926503658294677734e-01
4.549620747566223145e-01
4.618320465087890625e-01
4.681510031223297119e-01
4.261605441570281982e-01
4.127714335918426514e-01
3.427376151084899902e-01
4.252676069736480713e-01
4.848826527595520020e-01
3.793917894363403320e-01
5.214057564735412598e-01
4.360421597957611084e-01
4.287003576755523682e-01
4.645916223526000977e-01
3.712065815925598145e-01
3.776297867298126221e-01
4.334514141082763672e-01
4.086955189704895020e-01
4.201685190200805664e-01
3.973357975482940674e-01
4.518868625164031982e-01
5.118864178657531738e-01
3.706020116806030273e-01
4.486204683780670166e-01
4.888846278190612793e-01
4.229829609394073486e-01
4.139785468578338623e-01
3.919258117675781250e-01
4.929483830928802490e-01
3.342530727386474609e-01
4.432114958763122559e-01
4.062424302101135254e-01
3.564225137233734131e-01
4.029115736484527588e-01
4.669631719589233398e-01
4.208586812019348145e-01
4.522213935852050781e-01
4.011808037757873535e-01
4.725482463836669922e-01
4.426266551017761230e-01
4.408785402774810791e-01
4.226552248001098633e-01
4.275394380092620850e-01
3.876349031925201416e-01
4.150637984275817871e-01
4.450316429138183594e-01
4.624743759632110596e-01
4.130350947380065918e-01
4.973326921463012695e-01
4.387782216072082520e-01
3.637503087520599365e-01
4.502994120121002197e-01
4.251555502414703369e-01
4.633628427982330322e-01
4.235045313835144043e-01
4.520322084426879883e-01
4.438804090023040771e-01
3.939528763294219971e-01
4.191635251045227051e-01
4.557951092720031738e-01
4.304389357566833496e-01
3.853388428688049316e-01
3.932863771915435791e-01
4.329506158828735352e-01
3.565795719623565674e-01
3.506735563278198242e-01
4.587601721286773682e-01
3.611434996128082275e-01
4.329894483089447021e-01
4.117816090583801270e-01
4.653024971485137939e-01
4.059290885925292969e-01
4.047709107398986816e-01
3.944910168647766113e-01
3.982311189174652100e-01
3.793246746063232422e-01
4.551225006580352783e-01
4.310680925846099854e-01
4.306400120258331299e-01
4.623468518257141113e-01
3.895515203475952148e-01
3.770259022712707520e-01
4.403651356697082520e-01
3.941992819309234619e-01
3.811647891998291016e-01
4.702781438827514648e-01
4.224112629890441895e-01
4.326563775539398193e-01
4.415966272354125977e-01
4.332861006259918213e-01
3.528491556644439697e-01
3.918644189834594727e-01
4.073618948459625244e-01
4.157450795173645020e-01
3.946748077869415283e-01
4.802623391151428223e-01
4.109080433845520020e-01
3.723368942737579346e-01
3.571043610572814941e-01
4.104937016963958740e-01
4.287584424018859863e-01
3.991345167160034180e-01
4.140090346336364746e-01
4.429883062839508057e-01
4.191709160804748535e-01
3.905238509178161621e-01
3.869257569313049316e-01
4.012725651264190674e-01
4.216074645519256592e-01
4.432717263698577881e-01
3.890421390533447266e-01
3.956852257251739502e-01
4.166508018970489502e-01
4.150745868682861328e-01
3.371601998805999756e-01
4.043284058570861816e-01
4.346273839473724365e-01
4.279195666313171387e-01
5.259982347488403320e-01
4.205636680126190186e-01
4.570011198520660400e-01
4.230338037014007568e-01
4.345617294311523438e-01
4.757432043552398682e-01
3.842340409755706787e-01
4.146031141281127930e-01
4.259805977344512939e-01
4.155872166156768799e-01
4.073693454265594482e-01
4.006957113742828369e-01
4.080398976802825928e-01
4.054417014122009277e-01
4.161615073680877686e-01
3.877553939819335938e-01
4.491866230964660645e-01
5.059579610824584961e-01
3.962143063545227051e-01
4.476560950279235840e-01
4.293381273746490479e-01
4.482118487358093262e-01
3.984351456165313721e-01
4.646381437778472900e-01
3.640360832214355469e-01
4.770095050334930420e-01
4.947236478328704834e-01
3.857959508895874023e-01
3.895992338657379150e-01
3.685117959976196289e-01
4.400909245014190674e-01
4.023166596889495850e-01
4.433361291885375977e-01
4.264846146106719971e-01
4.148155450820922852e-01
4.178327620029449463e-01
3.991859257221221924e-01
3.983739614486694336e-01
4.563664197921752930e-01
4.264141321182250977e-01
4.562411010265350342e-01
4.198017716407775879e-01
4.339829981327056885e-01
4.491866827011108398e-01
4.422353804111480713e-01
4.538124501705169678e-01
3.643951416015625000e-01
4.222905933856964111e-01
4.178693592548370361e-01
4.802004396915435791e-01
4.615157246589660645e-01
3.896382153034210205e-01
4.720976650714874268e-01
3.986077010631561279e-01
4.329886138439178467e-01
4.335799515247344971e-01
3.807136118412017822e-01
5.059356093406677246e-01
4.066322147846221924e-01
4.255840480327606201e-01
4.167635440826416016e-01
4.596676528453826904e-01
4.105582833290100098e-01
4.648723304271697998e-01
4.248823523521423340e-01
4.331692755222320557e-01
5.036995410919189453e-01
4.573721289634704590e-01
4.080274999141693115e-01
4.159464836120605469e-01
4.028367996215820312e-01
4.526157975196838379e-01
4.149580299854278564e-01
3.699018657207489014e-01
3.783829510211944580e-01
3.404621779918670654e-01
3.819169104099273682e-01
3.956989645957946777e-01
4.854446649551391602e-01
4.286479353904724121e-01
4.675886034965515137e-01
4.585451185703277588e-01
4.039222598075866699e-01
4.221952259540557861e-01
4.295898973941802979e-01
4.515740871429443359e-01
4.189257323741912842e-01
3.957855701446533203e-01
4.764186739921569824e-01
4.207361042499542236e-01
4.450847804546356201e-01
4.004974067211151123e-01
4.165451526641845703e-01
4.250403344631195068e-01
3.411844968795776367e-01
4.348310828208923340e-01
4.226811528205871582e-01
4.538931548595428467e-01
4.434105455875396729e-01
4.211828112602233887e-01
3.954694867134094238e-01
4.140919446945190430e-01
3.699853420257568359e-01
4.428288042545318604e-01
5.253768563270568848e-01
4.308731555938720703e-01
3.747099041938781738e-01
4.765957891941070557e-01
4.425721466541290283e-01
3.636656999588012695e-01
3.551865518093109131e-01
3.905685544013977051e-01
4.479087591171264648e-01
4.298417270183563232e-01
4.064537286758422852e-01
4.019686281681060791e-01
3.873298168182373047e-01
4.276524484157562256e-01
4.290837347507476807e-01
4.426499605178833008e-01
3.631671071052551270e-01
4.785839915275573730e-01
4.153804779052734375e-01
4.445574283599853516e-01
3.754400312900543213e-01
4.308259487152099609e-01
3.981780707836151123e-01
4.806917905807495117e-01
3.699114620685577393e-01
4.404469132423400879e-01
4.457799494266510010e-01
4.553196430206298828e-01
3.589370846748352051e-01
3.313969373703002930e-01
3.506535589694976807e-01
3.632457554340362549e-01
3.538827896118164062e-01
4.534534811973571777e-01
4.358812868595123291e-01
4.763018190860748291e-01
3.583973348140716553e-01
4.016896784305572510e-01
4.288094043731689453e-01
4.170936942100524902e-01
