7.348588705062866211e-01
6.797518134117126465e-01
6.295716166496276855e-01
5.658080577850341797e-01
5.696368217468261719e-01
5.288600921630859375e-01
6.092592477798461914e-01
6.981711983680725098e-01
6.960699558258056641e-01
5.625777840614318848e-01
5.143309831619262695e-01
5.049846172332763672e-01
5.703142881393432617e-01
6.065061688423156738e-01
4.825578629970550537e-01
5.101556777954101562e-01
4.994468688964843750e-01
5.438595414161682129e-01
5.486075282096862793e-01
5.691550970077514648e-01
5.292748808860778809e-01
4.327985346317291260e-01
5.336639881134033203e-01
5.193894505500793457e-01
4.428856372833251953e-01
4.387227594852447510e-01
4.274931252002716064e-01
5.345672965049743652e-01
4.862076342105865479e-01
4.826858043670654297e-01
4.378407895565032959e-01
4.758139252662658691e-01
5.180523395538330078e-01
4.952547252178192139e-01
4.196392595767974854e-01
4.756537377834320068e-01
4.536992311477661133e-01
4.317783117294311523e-01
4.498647749423980713e-01
5.270000100135803223e-01
4.991928339004516602e-01
5.080640912055969238e-01
3.789771795272827148e-01
4.879879355430603027e-01
4.605961740016937256e-01
5.410131812095642090e-01
4.589010179042816162e-01
5.075902938842773438e-01
5.085099935531616211e-01
4.667817950248718262e-01
4.788410663604736328e-01
3.806238770484924316e-01
4.714059233665466309e-01
4.757676124572753906e-01
4.221002161502838135e-01
5.053115487098693848e-01
4.458623826503753662e-01
4.802359938621520996e-01
3.942061662673950195e-01
5.336942672729492188e-01
4.781399071216583252e-01
4.728201329708099365e-01
5.211819410324096680e-01
4.580314755439758301e-01
4.195677638053894043e-01
4.014074504375457764e-01
4.269979298114776611e-01
4.310937225818634033e-01
4.700348079204559326e-01
4.654182493686676025e-01
4.523533284664154053e-01
4.619874954223632812e-01
4.288775026798248291e-01
4.378716349601745605e-01
4.923683106899261475e-01
4.762599766254425049e-01
5.022422075271606445e-01
4.590810835361480713e-01
4.184254705905914307e-01
5.050281286239624023e-01
4.487870931625366211e-01
3.625881969928741455e-01
5.082393884658813477e-01
4.801874756813049316e-01
4.606145024299621582e-01
4.178171455860137939e-01
4.137100577354431152e-01
5.065657496452331543e-01
4.365675151348114014e-01
4.548335373401641846e-01
4.189051389694213867e-01
4.510031044483184814e-01
4.081029891967773438e-01
3.617826700210571289e-01
3.623467683792114258e-01
5.896726250648498535e-01
4.163027107715606689e-01
5.330514907836914062e-01
3.959196507930755615e-01
4.297979474067687988e-01
4.587929844856262207e-01
4.167560935020446777e-01
4.764676988124847412e-01
4.678306281566619873e-01
4.114224910736083984e-01
4.122743010520935059e-01
4.440552592277526855e-01
3.990727961063385010e-01
5.485298037528991699e-01
4.494314789772033691e-01
4.614492654800415039e-01
4.556422233581542969e-01
3.442522287368774414e-01
4.823346734046936035e-01
4.602540731430053711e-01
4.681251347064971924e-01
4.810855388641357422e-01
4.785361588001251221e-01
4.535668790340423584e-01
4.561103582382202148e-01
4.273501634597778320e-01
4.180332720279693604e-01
3.449478447437286377e-01
4.686985313892364502e-01
4.819116592407226562e-01
4.335844516754150391e-01
3.652276992797851562e-01
4.521888792514801025e-01
4.509728550910949707e-01
4.137574732303619385e-01
4.577922224998474121e-01
4.642648100852966309e-01
4.213757216930389404e-01
4.474251270294189453e-01
4.543310701847076416e-01
3.949629366397857666e-01
4.624379873275756836e-01
4.282489120960235596e-01
4.237488210201263428e-01
4.385910332202911377e-01
4.391199350357055664e-01
4.050410389900207520e-01
3.534906804561614990e-01
4.308015406131744385e-01
4.544227123260498047e-01
3.456116616725921631e-01
4.769342541694641113e-01
4.306037425994873047e-01
4.467504024505615234e-01
4.430795907974243164e-01
3.932980298995971680e-01
4.296564459800720215e-01
4.359029233455657959e-01
4.339516162872314453e-01
4.554066956043243408e-01
4.518091976642608643e-01
4.223140180110931396e-01
4.469659626483917236e-01
4.495389461517333984e-01
4.272356331348419189e-01
4.251164197921752930e-01
5.011740922927856445e-01
4.660127162933349609e-01
5.381280183792114258e-01
3.891935944557189941e-01
4.554040133953094482e-01
3.514692187309265137e-01
4.124489426612854004e-01
3.551495373249053955e-01
5.005832314491271973e-01
4.549739658832550049e-01
4.668021798133850098e-01
4.434611201286315918e-01
3.612928390502929688e-01
4.460722804069519043e-01
4.184324741363525391e-01
4.001690149307250977e-01
4.419615864753723145e-01
4.809556901454925537e-01
5.067411065101623535e-01
4.571576416492462158e-01
4.048193693161010742e-01
4.146743118762969971e-01
5.004751086235046387e-01
4.499855935573577881e-01
4.355064034461975098e-01
4.518371820449829102e-01
4.991855919361114502e-01
4.426895380020141602e-01
3.891336619853973389e-01
4.396098852157592773e-01
4.240673482418060303e-01
4.102616012096405029e-01
4.351140856742858887e-01
4.264936149120330811e-01
4.421113729476928711e-01
4.421268105506896973e-01
4.512386918067932129e-01
4.581038057804107666e-01
4.061902761459350586e-01
3.830386102199554443e-01
3.753373622894287109e-01
4.230229854583740234e-01
3.898056149482727051e-01
5.125079154968261719e-01
4.536126554012298584e-01
4.249105453491210938e-01
4.417534768581390381e-01
4.631030857563018799e-01
4.211922883987426758e-01
4.425758421421051025e-01
4.170702397823333740e-01
4.317628741264343262e-01
4.053696095943450928e-01
4.246610999107360840e-01
3.985159397125244141e-01
4.592822790145874023e-01
4.066785573959350586e-01
4.298096597194671631e-01
3.933508694171905518e-01
4.739410877227783203e-01
4.184383749961853027e-01
3.860769867897033691e-01
4.008808135986328125e-01
4.364356398582458496e-01
4.113109707832336426e-01
4.310559630393981934e-01
3.758735954761505127e-01
4.104002118110656738e-01
3.888883888721466064e-01
3.675102889537811279e-01
4.897307157516479492e-01
3.658756613731384277e-01
4.239138066768646240e-01
3.706878721714019775e-01
4.115748703479766846e-01
4.305916130542755127e-01
4.359368681907653809e-01
4.076569974422454834e-01
4.260368347167968750e-01
4.507420659065246582e-01
4.134636521339416504e-01
3.804630339145660400e-01
4.059924185276031494e-01
4.333289265632629395e-01
3.623842000961303711e-01
3.939625322818756104e-01
4.096894860267639160e-01
3.341249525547027588e-01
4.614822268486022949e-01
4.142635464668273926e-01
4.310039877891540527e-01
4.305446445941925049e-01
4.407517611980438232e-01
4.151272177696228027e-01
3.573491275310516357e-01
4.509830772876739502e-01
3.738019466400146484e-01
4.685472249984741211e-01
4.148766398429870605e-01
4.338696897029876709e-01
4.387858211994171143e-01
3.904329836368560791e-01
4.115508198738098145e-01
4.755154550075531006e-01
3.839741051197052002e-01
4.641618430614471436e-01
4.493411183357238770e-01
4.427161514759063721e-01
4.284264445304870605e-01
4.202693998813629150e-01
4.488226473331451416e-01
4.329900741577148438e-01
3.996583819389343262e-01
4.156663119792938232e-01
4.682419300079345703e-01
4.456599056720733643e-01
4.100030660629272461e-01
4.619481265544891357e-01
3.962579369544982910e-01
3.796028494834899902e-01
3.838801085948944092e-01
3.628039658069610596e-01
3.882650136947631836e-01
4.446056485176086426e-01
4.201090931892395020e-01
3.597268462181091309e-01
3.761484920978546143e-01
4.327788352966308594e-01
4.416092932224273682e-01
4.920479059219360352e-01
4.510916471481323242e-01
4.817213416099548340e-01
4.448912441730499268e-01
4.745202064514160156e-01
4.669110774993896484e-01
4.668059051036834717e-01
4.579851031303405762e-01
4.689040184020996094e-01
3.995540142059326172e-01
4.174903631210327148e-01
4.552540183067321777e-01
4.448236227035522461e-01
4.544498026371002197e-01
4.357814788818359375e-01
3.970871567726135254e-01
4.584082067012786865e-01
4.738007783889770508e-01
4.321038424968719482e-01
4.355611801147460938e-01
4.487934410572052002e-01
4.331551790237426758e-01
4.338498413562774658e-01
4.296605288982391357e-01
4.625700116157531738e-01
4.766826927661895752e-01
4.311952292919158936e-01
4.511506557464599609e-01
3.978125452995300293e-01
3.700883686542510986e-01
3.916153609752655029e-01
3.938684761524200439e-01
4.663621783256530762e-01
4.175065457820892334e-01
4.109914302825927734e-01
3.932282328605651855e-01
4.446317851543426514e-01
4.736465811729431152e-01
3.650817275047302246e-01
3.919647037982940674e-01
3.837161958217620850e-01
3.970387279987335205e-01
5.180380940437316895e-01
4.209506511688232422e-01
4.397228956222534180e-01
4.108673930168151855e-01
4.168249964714050293e-01
3.898719847202301025e-01
4.234243035316467285e-01
3.877120316028594971e-01
4.068652689456939697e-01
4.583600461483001709e-01
4.185909330844879150e-01
4.124854505062103271e-01
3.966948091983795166e-01
4.424492120742797852e-01
3.442878127098083496e-01
4.935225248336791992e-01
4.026835262775421143e-01
4.727116525173187256e-01
4.132999181747436523e-01
4.687816202640533447e-01
4.259884357452392578e-01
4.724375605583190918e-01
4.064072072505950928e-01
4.693768620491027832e-01
4.238989353179931641e-01
4.020774066448211670e-01
4.479564726352691650e-01
3.842248320579528809e-01
4.234281778335571289e-01
3.291106522083282471e-01
4.914240539073944092e-01
4.149651825428009033e-01
3.580867052078247070e-01
4.109273552894592285e-01
4.239248633384704590e-01
3.902943432331085205e-01
4.265216886997222900e-01
4.365867972373962402e-01
4.745580852031707764e-01
4.184689819812774658e-01
4.667778909206390381e-01
4.102874994277954102e-01
4.122715592384338379e-01
4.557576775550842285e-01
4.655250310897827148e-01
4.390815198421478271e-01
4.369946122169494629e-01
5.222496986389160156e-01
4.614546000957489014e-01
4.504885077476501465e-01
4.653539061546325684e-01
4.735682606697082520e-01
4.546498656272888184e-01
4.149853587150573730e-01
4.855754673480987549e-01
4.044778645038604736e-01
4.363220930099487305e-01
3.735486865043640137e-01
3.707838952541351318e-01
4.422320723533630371e-01
4.328269064426422119e-01
4.122376441955566406e-01
3.980709910392761230e-01
3.963318169116973877e-01
4.565970301628112793e-01
4.869142174720764160e-01
4.257003962993621826e-01
4.056333303451538086e-01
4.394743442535400391e-01
4.635841846466064453e-01
4.265875816345214844e-01
3.745958209037780762e-01
4.078426957130432129e-01
4.214686155319213867e-01
4.774969816207885742e-01
4.875422716140747070e-01
4.005950987339019775e-01
4.929262995719909668e-01
3.658230304718017578e-01
4.337116777896881104e-01
4.012655019760131836e-01
4.128293097019195557e-01
4.604650437831878662e-01
3.813222348690032959e-01
4.472389221191406250e-01
4.927623271942138672e-01
4.827390313148498535e-01
4.394638240337371826e-01
4.237346649169921875e-01
4.733427166938781738e-01
3.993045389652252197e-01
4.179897010326385498e-01
4.024439752101898193e-01
3.737559318542480469e-01
4.170570373535156250e-01
4.432216882705688477e-01
4.559882283210754395e-01
4.995036423206329346e-01
4.264373183250427246e-01
4.120261669158935547e-01
4.403766393661499023e-01
3.719464540481567383e-01
4.155997931957244873e-01
4.044858813285827637e-01
3.493264615535736084e-01
4.524646401405334473e-01
3.806939721107482910e-01
4.285895228385925293e-01
4.601755738258361816e-01
3.906422853469848633e-01
3.703517019748687744e-01
4.250635206699371338e-01
3.871084749698638916e-01
3.864523470401763916e-01
3.982002437114715576e-01
4.221142530441284180e-01
4.178955554962158203e-01
4.132912456989288330e-01
4.898431897163391113e-01
4.256104230880737305e-01
3.518109619617462158e-01
4.232667982578277588e-01
3.634341657161712646e-01
4.560244679450988770e-01
4.430452287197113037e-01
3.841124773025512695e-01
3.936782479286193848e-01
4.918352961540222168e-01
3.537404239177703857e-01
4.392051994800567627e-01
4.244034886360168457e-01
4.982069432735443115e-01
4.357989132404327393e-01
3.975214362144470215e-01
4.349295198917388916e-01
3.773235678672790527e-01
4.021596610546112061e-01
3.978902399539947510e-01
4.242500364780426025e-01
4.409104287624359131e-01
3.664381802082061768e-01
3.836512565612792969e-01
3.648254573345184326e-01
4.876020848751068115e-01
3.953461647033691406e-01
4.592629373073577881e-01
4.778133630752563477e-01
4.174619019031524658e-01
4.185885787010192871e-01
4.662836194038391113e-01
4.469739496707916260e-01
4.265365302562713623e-01
3.976258039474487305e-01
4.589562416076660156e-01
3.463848531246185303e-01
3.701469898223876953e-01
4.833143353462219238e-01
4.375716149806976318e-01
4.457702040672302246e-01
4.402974545955657959e-01
3.852031528949737549e-01
3.972552120685577393e-01
4.342773258686065674e-01
4.828662872314453125e-01
4.778372049331665039e-01
4.212457239627838135e-01
4.272994697093963623e-01
4.379407763481140137e-01
3.609237074851989746e-01
4.625061452388763428e-01
4.146083593368530273e-01
3.747693896293640137e-01
4.429817795753479004e-01
4.425812959671020508e-01
3.714435398578643799e-01
4.334684908390045166e-01
3.883057236671447754e-01
3.556086122989654541e-01
4.701575934886932373e-01
4.257985949516296387e-01
3.958617448806762695e-01
5.258122086524963379e-01
4.340645968914031982e-01
3.792791068553924561e-01
4.173136353492736816e-01
3.514923453330993652e-01
4.653525352478027344e-01
4.223746061325073242e-01
4.479774236679077148e-01
4.872476160526275635e-01
4.990112185478210449e-01
4.150584340095520020e-01
4.696698188781738281e-01
3.882866799831390381e-01
4.341824054718017578e-01
4.027054905891418457e-01
4.006580114364624023e-01
4.817231595516204834e-01
4.073150157928466797e-01
3.968752026557922363e-01
3.171059787273406982e-01
4.757498800754547119e-01
5.075632929801940918e-01
4.784076511859893799e-01
3.764044046401977539e-01
4.293955266475677490e-01
3.864548802375793457e-01
4.250611364841461182e-01
4.032755494117736816e-01
4.499341547489166260e-01
4.249900281429290771e-01
4.038048386573791504e-01
4.270410239696502686e-01
4.139872193336486816e-01
3.927123844623565674e-01
4.628314971923828125e-01
3.473155498504638672e-01
3.720506131649017334e-01
4.326890707015991211e-01
4.077628850936889648e-01
4.593740403652191162e-01
4.423598051071166992e-01
5.257269144058227539e-01
4.023783504962921143e-01
3.754041194915771484e-01
4.371351003646850586e-01
4.501598775386810303e-01
4.652886986732482910e-01
4.044423401355743408e-01
4.441467821598052979e-01
4.466851949691772461e-01
4.379341304302215576e-01
3.713842034339904785e-01
3.787643909454345703e-01
3.710494935512542725e-01
4.268299341201782227e-01
3.873577713966369629e-01
4.191594123840332031e-01
4.052687883377075195e-01
5.252690911293029785e-01
3.905351758003234863e-01
4.092392325401306152e-01
4.541893899440765381e-01
4.195466339588165283e-01
4.284653961658477783e-01
4.025438725948333740e-01
3.979017734527587891e-01
4.393711686134338379e-01
4.083151817321777344e-01
3.967140018939971924e-01
4.322247207164764404e-01
4.505044221878051758e-01
4.673792123794555664e-01
5.022807717323303223e-01
3.989464342594146729e-01
3.511487245559692383e-01
4.385642409324645996e-01
3.993475139141082764e-01
4.291722178459167480e-01
4.456605017185211182e-01
4.047294557094573975e-01
3.740364611148834229e-01
4.218668937683105469e-01
4.072834849357604980e-01
3.587679564952850342e-01
3.891772031784057617e-01
3.189511895179748535e-01
4.084727764129638672e-01
4.955305457115173340e-01
4.468130469322204590e-01
3.473772108554840088e-01
4.015251100063323975e-01
4.585294723510742188e-01
4.317148923873901367e-01
4.271169602870941162e-01
4.241006374359130859e-01
3.759005665779113770e-01
