7.030067443847656250e-01
6.709321141242980957e-01
6.534301638603210449e-01
6.372640728950500488e-01
6.173536181449890137e-01
6.035603880882263184e-01
6.366339921951293945e-01
5.198307633399963379e-01
4.690836668014526367e-01
6.388509273529052734e-01
6.027093529701232910e-01
5.736526846885681152e-01
5.566340088844299316e-01
4.932823479175567627e-01
6.537622809410095215e-01
5.563884377479553223e-01
5.504106879234313965e-01
5.723937153816223145e-01
5.498988032341003418e-01
5.271046757698059082e-01
5.586485266685485840e-01
5.582258701324462891e-01
5.426344275474548340e-01
5.535546541213989258e-01
4.830854833126068115e-01
4.844071567058563232e-01
5.583473443984985352e-01
4.838843941688537598e-01
4.641269147396087646e-01
4.919796288013458252e-01
5.568023324012756348e-01
4.966212511062622070e-01
5.147374272346496582e-01
4.900846779346466064e-01
5.113155841827392578e-01
5.191960334777832031e-01
4.548822641372680664e-01
4.944619238376617432e-01
4.716406762599945068e-01
5.164729356765747070e-01
4.207095205783843994e-01
5.078981518745422363e-01
4.549950361251831055e-01
4.423862695693969727e-01
5.031393766403198242e-01
4.380657970905303955e-01
5.107602477073669434e-01
4.450322985649108887e-01
4.738391935825347900e-01
4.800333380699157715e-01
4.985100030899047852e-01
4.509643316268920898e-01
4.393897056579589844e-01
5.028662085533142090e-01
5.380167961120605469e-01
4.471014142036437988e-01
4.669343829154968262e-01
4.847576916217803955e-01
4.657700359821319580e-01
4.728274345397949219e-01
4.290644228458404541e-01
4.500062465667724609e-01
4.892732501029968262e-01
5.959942340850830078e-01
4.547760188579559326e-01
5.311417579650878906e-01
4.665784835815429688e-01
4.882072210311889648e-01
4.615210592746734619e-01
4.416761398315429688e-01
4.727379381656646729e-01
4.356804192066192627e-01
4.620909690856933594e-01
4.605451226234436035e-01
4.783309698104858398e-01
4.670165479183197021e-01
3.882500231266021729e-01
4.288164377212524414e-01
4.157159030437469482e-01
4.543648660182952881e-01
4.542940855026245117e-01
4.553428292274475098e-01
4.876774847507476807e-01
4.581981003284454346e-01
4.138276576995849609e-01
4.161570370197296143e-01
5.188255906105041504e-01
4.542233049869537354e-01
4.108851552009582520e-01
4.558439552783966064e-01
3.920981884002685547e-01
4.701829254627227783e-01
3.967975974082946777e-01
5.285919308662414551e-01
3.932988047599792480e-01
4.314434230327606201e-01
3.852983415126800537e-01
4.376868307590484619e-01
4.021862149238586426e-01
3.933876156806945801e-01
4.162999689579010010e-01
4.164292216300964355e-01
4.803301990032196045e-01
4.135550856590270996e-01
4.651888012886047363e-01
3.936749696731567383e-01
4.414828419685363770e-01
5.423145294189453125e-01
4.277362227439880371e-01
4.431644678115844727e-01
4.676096439361572266e-01
3.952034115791320801e-01
4.304069280624389648e-01
4.566106498241424561e-01
4.794679880142211914e-01
4.319171011447906494e-01
4.425842761993408203e-01
4.665293097496032715e-01
4.821430444717407227e-01
4.062914550304412842e-01
4.334963560104370117e-01
4.827040731906890869e-01
4.078775048255920410e-01
4.825563430786132812e-01
5.189295411109924316e-01
4.674258828163146973e-01
3.953956067562103271e-01
4.741252362728118896e-01
4.188709557056427002e-01
4.731211960315704346e-01
4.837141036987304688e-01
5.484234690666198730e-01
4.497044384479522705e-01
5.361687541007995605e-01
4.506178200244903564e-01
4.142266511917114258e-01
4.403959512710571289e-01
5.000320672988891602e-01
4.488054513931274414e-01
4.158128798007965088e-01
4.757893681526184082e-01
4.175862073898315430e-01
4.567754566669464111e-01
3.684791028499603271e-01
4.008116126060485840e-01
4.982339739799499512e-01
5.002914667129516602e-01
4.489561021327972412e-01
4.418662488460540771e-01
4.110430777072906494e-01
4.545977413654327393e-01
4.750908613204956055e-01
4.480437040328979492e-01
4.317930042743682861e-01
5.398174524307250977e-01
4.938040375709533691e-01
4.445764422416687012e-01
4.877127707004547119e-01
4.666507244110107422e-01
5.182493925094604492e-01
4.812120795249938965e-01
3.966295123100280762e-01
5.159577131271362305e-01
4.257846772670745850e-01
4.818806350231170654e-01
4.580383598804473877e-01
4.231271445751190186e-01
4.222981035709381104e-01
4.179948866367340088e-01
4.599851369857788086e-01
4.350018203258514404e-01
4.197435677051544189e-01
4.639277458190917969e-01
4.270524680614471436e-01
4.054394960403442383e-01
3.605684340000152588e-01
4.483537375926971436e-01
4.214884340763092041e-01
4.546617865562438965e-01
4.452296197414398193e-01
4.318168759346008301e-01
4.024001359939575195e-01
4.435015320777893066e-01
4.053123295307159424e-01
4.759339094161987305e-01
4.864599108695983887e-01
4.806833267211914062e-01
4.098763465881347656e-01
4.283548295497894287e-01
4.469314813613891602e-01
4.597204327583312988e-01
4.287822246551513672e-01
5.137576460838317871e-01
4.633875191211700439e-01
4.447947144508361816e-01
3.657277226448059082e-01
4.021939635276794434e-01
5.594311356544494629e-01
4.271021485328674316e-01
5.051767230033874512e-01
4.880753159523010254e-01
4.572650790214538574e-01
4.464232623577117920e-01
4.904662668704986572e-01
4.711116850376129150e-01
4.301130473613739014e-01
4.380479156970977783e-01
3.947531580924987793e-01
4.399372041225433350e-01
4.798249304294586182e-01
4.664089381694793701e-01
4.066140651702880859e-01
3.764832019805908203e-01
4.398094117641448975e-01
4.196468293666839600e-01
4.887576997280120850e-01
4.491124153137207031e-01
4.235337674617767334e-01
4.100056886672973633e-01
4.235737621784210205e-01
4.793978333473205566e-01
3.891211748123168945e-01
4.245016276836395264e-01
3.686649203300476074e-01
3.959323465824127197e-01
4.782099127769470215e-01
5.055276155471801758e-01
4.073390960693359375e-01
4.560929834842681885e-01
4.715707004070281982e-01
4.658683538436889648e-01
5.018382668495178223e-01
3.870941400527954102e-01
4.382527172565460205e-01
4.326696097850799561e-01
4.548948407173156738e-01
4.537434875965118408e-01
4.548168480396270752e-01
4.431079030036926270e-01
4.610256850719451904e-01
4.082639515399932861e-01
4.594627022743225098e-01
4.386178255081176758e-01
4.562028646469116211e-01
4.472058117389678955e-01
4.014042615890502930e-01
3.653066754341125488e-01
3.622226715087890625e-01
4.513275027275085449e-01
5.476955175399780273e-01
4.576548933982849121e-01
4.153693914413452148e-01
4.589104950428009033e-01
4.753699302673339844e-01
4.226419627666473389e-01
4.477557837963104248e-01
4.378492236137390137e-01
4.728858768939971924e-01
4.384749233722686768e-01
4.168223440647125244e-01
4.375666975975036621e-01
4.083746075630187988e-01
4.583150744438171387e-01
3.743052482604980469e-01
4.717268347740173340e-01
4.410117268562316895e-01
4.642439782619476318e-01
3.900340795516967773e-01
3.951994776725769043e-01
4.518164098262786865e-01
4.010362923145294189e-01
4.585697650909423828e-01
4.552973508834838867e-01
3.464615643024444580e-01
4.590167999267578125e-01
3.987620174884796143e-01
4.011858701705932617e-01
4.122353494167327881e-01
4.019317626953125000e-01
4.407178461551666260e-01
3.832997977733612061e-01
4.766681194305419922e-01
3.889112174510955811e-01
4.525743424892425537e-01
4.192975759506225586e-01
4.429756402969360352e-01
4.415700733661651611e-01
4.520694613456726074e-01
4.456198215484619141e-01
4.364369511604309082e-01
4.020658731460571289e-01
4.346946775913238525e-01
4.431102573871612549e-01
4.823561310768127441e-01
3.789460957050323486e-01
4.505177140235900879e-01
5.034766793251037598e-01
4.816514253616333008e-01
4.103214740753173828e-01
3.495683372020721436e-01
3.958431184291839600e-01
4.512141048908233643e-01
4.973323047161102295e-01
4.521024823188781738e-01
4.393959045410156250e-01
4.027011394500732422e-01
4.351726472377777100e-01
3.759753108024597168e-01
4.912616908550262451e-01
3.953400552272796631e-01
4.228301346302032471e-01
4.357776641845703125e-01
4.271754324436187744e-01
4.316893815994262695e-01
4.298379123210906982e-01
4.394239187240600586e-01
3.742792308330535889e-01
4.191306829452514648e-01
4.394101500511169434e-01
4.459823668003082275e-01
4.206183850765228271e-01
3.960796296596527100e-01
4.332886040210723877e-01
4.161168634891510010e-01
3.778876066207885742e-01
3.965018093585968018e-01
4.755043685436248779e-01
4.756955206394195557e-01
4.087533652782440186e-01
4.193847179412841797e-01
4.443222582340240479e-01
4.599655270576477051e-01
4.689559638500213623e-01
4.069546759128570557e-01
4.378037750720977783e-01
4.995543956756591797e-01
4.723595380783081055e-01
4.101852774620056152e-01
3.955726027488708496e-01
4.397726356983184814e-01
4.671623110771179199e-01
3.972449600696563721e-01
4.452078342437744141e-01
3.985971808433532715e-01
4.304848909378051758e-01
4.468957483768463135e-01
4.423135221004486084e-01
4.611629843711853027e-01
4.636178612709045410e-01
4.127391278743743896e-01
3.944951593875885010e-01
4.929019212722778320e-01
3.167102038860321045e-01
4.653757810592651367e-01
4.639390110969543457e-01
4.136835336685180664e-01
4.440256357192993164e-01
4.015856981277465820e-01
4.374022483825683594e-01
3.870579600334167480e-01
4.744432866573333740e-01
5.621917843818664551e-01
4.442801773548126221e-01
3.658607602119445801e-01
4.601532518863677979e-01
4.372583329677581787e-01
4.523086249828338623e-01
4.428291022777557373e-01
4.360820353031158447e-01
4.101142883300781250e-01
4.456272721290588379e-01
4.687567949295043945e-01
4.602482914924621582e-01
4.418793916702270508e-01
3.575622439384460449e-01
4.234408736228942871e-01
3.935660719871520996e-01
3.918782174587249756e-01
3.961248993873596191e-01
4.590663611888885498e-01
4.702294766902923584e-01
4.555430412292480469e-01
4.492138028144836426e-01
4.345205128192901611e-01
4.087945222854614258e-01
4.371616244316101074e-01
4.071747958660125732e-01
4.430294632911682129e-01
3.829550147056579590e-01
4.439491927623748779e-01
3.973494172096252441e-01
4.800691902637481689e-01
4.391183257102966309e-01
4.713513851165771484e-01
4.043330252170562744e-01
4.347724318504333496e-01
3.883801102638244629e-01
4.548597633838653564e-01
4.485154151916503906e-01
3.954418599605560303e-01
4.196530580520629883e-01
5.036675333976745605e-01
4.813586473464965820e-01
3.874692022800445557e-01
4.505342245101928711e-01
4.403440058231353760e-01
4.090618193149566650e-01
4.635200500488281250e-01
4.075345098972320557e-01
4.248313307762145996e-01
4.666704833507537842e-01
4.071575403213500977e-01
4.433940649032592773e-01
5.058689713478088379e-01
4.574592411518096924e-01
4.068846106529235840e-01
5.316345691680908203e-01
4.366169869899749756e-01
4.071745872497558594e-01
4.132751822471618652e-01
4.147292971611022949e-01
3.726664483547210693e-01
3.477973043918609619e-01
4.076976776123046875e-01
4.738242328166961670e-01
3.741436302661895752e-01
4.980087578296661377e-01
3.497440814971923828e-01
3.962399363517761230e-01
4.219828844070434570e-01
4.102432131767272949e-01
4.022171497344970703e-01
4.222236275672912598e-01
3.916299343109130859e-01
4.545357823371887207e-01
4.435210227966308594e-01
4.304283559322357178e-01
4.090704619884490967e-01
4.694716632366180420e-01
3.972413837909698486e-01
4.541641473770141602e-01
4.090555906295776367e-01
4.498954713344573975e-01
4.536499083042144775e-01
4.473308324813842773e-01
4.510362148284912109e-01
4.252766668796539307e-01
3.976911604404449463e-01
3.694068789482116699e-01
4.656893908977508545e-01
3.803533911705017090e-01
3.935076892375946045e-01
4.044159650802612305e-01
4.391720890998840332e-01
4.049420356750488281e-01
4.685815274715423584e-01
4.162870645523071289e-01
4.350463747978210449e-01
4.023612737655639648e-01
4.413419067859649658e-01
4.364473521709442139e-01
4.684925973415374756e-01
4.883834719657897949e-01
3.864578306674957275e-01
4.387889504432678223e-01
4.433056414127349854e-01
4.542621374130249023e-01
4.700434505939483643e-01
4.302673637866973877e-01
4.022164642810821533e-01
3.959647119045257568e-01
4.061327278614044189e-01
4.718582332134246826e-01
4.369267225265502930e-01
4.287543296813964844e-01
4.288591146469116211e-01
3.891327381134033203e-01
3.958716690540313721e-01
4.794776141643524170e-01
3.972823619842529297e-01
4.487022459506988525e-01
4.237701296806335449e-01
3.967924118041992188e-01
4.788948297500610352e-01
3.802462518215179443e-01
4.491860866546630859e-01
3.776313066482543945e-01
4.032871127128601074e-01
4.009947776794433594e-01
3.908329606056213379e-01
3.968231379985809326e-01
3.947943150997161865e-01
4.140759706497192383e-01
4.103491306304931641e-01
4.425437450408935547e-01
3.735528886318206787e-01
4.253714382648468018e-01
4.141564667224884033e-01
4.549542963504791260e-01
3.980098366737365723e-01
4.942026138305664062e-01
4.100539088249206543e-01
3.782876133918762207e-01
4.172091484069824219e-01
4.492985308170318604e-01
3.843429386615753174e-01
5.044315457344055176e-01
4.742677211761474609e-01
3.935798704624176025e-01
3.620236217975616455e-01
4.043145179748535156e-01
4.321390688419342041e-01
3.211494088172912598e-01
4.501662552356719971e-01
4.460279643535614014e-01
3.991635441780090332e-01
5.060262680053710938e-01
4.181580245494842529e-01
4.720150232315063477e-01
4.145387411117553711e-01
4.323923885822296143e-01
3.887212276458740234e-01
3.870629370212554932e-01
4.397911131381988525e-01
4.890726804733276367e-01
4.400085806846618652e-01
4.485240876674652100e-01
4.126972556114196777e-01
4.344197809696197510e-01
4.332583248615264893e-01
4.101963639259338379e-01
4.796555638313293457e-01
4.722164571285247803e-01
4.058638215065002441e-01
4.513379633426666260e-01
3.949795365333557129e-01
4.152868688106536865e-01
4.303487539291381836e-01
4.776559770107269287e-01
4.591566622257232666e-01
4.364949464797973633e-01
4.993617832660675049e-01
4.074908196926116943e-01
3.851555585861206055e-01
3.492299616336822510e-01
4.422142207622528076e-01
4.924133718013763428e-01
4.131810069084167480e-01
3.775166273117065430e-01
3.945024013519287109e-01
4.155997037887573242e-01
4.648451209068298340e-01
4.382990598678588867e-01
4.468631148338317871e-01
4.260007441043853760e-01
4.845013618469238281e-01
4.827723801136016846e-01
4.476217031478881836e-01
4.120886623859405518e-01
3.962984681129455566e-01
4.257600307464599609e-01
3.860252499580383301e-01
5.541375875473022461e-01
4.291593134403228760e-01
4.094842970371246338e-01
4.108792841434478760e-01
4.278257489204406738e-01
3.870818316936492920e-01
3.982089757919311523e-01
4.251506626605987549e-01
3.951545655727386475e-01
3.112812638282775879e-01
3.388995826244354248e-01
4.174122512340545654e-01
4.174768328666687012e-01
4.396956264972686768e-01
3.974675536155700684e-01
3.428769409656524658e-01
4.465110898017883301e-01
4.147108495235443115e-01
4.688822925090789795e-01
4.558338522911071777e-01
4.332632720470428467e-01
3.828072845935821533e-01
3.751133084297180176e-01
4.305645227432250977e-01
4.593522250652313232e-01
3.996940851211547852e-01
4.037609398365020752e-01
3.672942221164703369e-01
4.449211657047271729e-01
4.858215153217315674e-01
4.545482695102691650e-01
4.119072556495666504e-01
3.847886621952056885e-01
4.974844157695770264e-01
4.715730249881744385e-01
3.805146217346191406e-01
4.217368066310882568e-01
4.131026268005371094e-01
5.103965401649475098e-01
4.188167452812194824e-01
3.771321773529052734e-01
4.108781218528747559e-01
3.975835740566253662e-01
4.101923406124114990e-01
4.083567559719085693e-01
4.358880519866943359e-01
3.862014114856719971e-01
