6.975484490394592285e-01
6.725215315818786621e-01
6.455500125885009766e-01
6.187211275100708008e-01
6.001032590866088867e-01
5.631318092346191406e-01
6.194677352905273438e-01
6.269677281379699707e-01
6.064013838768005371e-01
4.937274754047393799e-01
5.133136510848999023e-01
5.445578098297119141e-01
5.408434271812438965e-01
5.658434629440307617e-01
5.291168689727783203e-01
5.292689800262451172e-01
5.022346377372741699e-01
5.303966999053955078e-01
4.790125489234924316e-01
5.294959545135498047e-01
5.357308387756347656e-01
4.737938642501831055e-01
5.232241153717041016e-01
4.751278758049011230e-01
5.192673802375793457e-01
4.741981327533721924e-01
4.778720736503601074e-01
4.436624050140380859e-01
4.480175971984863281e-01
4.489426612854003906e-01
4.941038191318511963e-01
5.057694315910339355e-01
4.306734204292297363e-01
4.455541074275970459e-01
3.953885436058044434e-01
5.346379280090332031e-01
4.206134080886840820e-01
4.763934910297393799e-01
4.298301637172698975e-01
4.818865358829498291e-01
4.745476543903350830e-01
4.523057639598846436e-01
4.424748122692108154e-01
4.719451367855072021e-01
5.424548983573913574e-01
4.319796562194824219e-01
5.741049051284790039e-01
4.292890727519989014e-01
4.339973032474517822e-01
4.622150659561157227e-01
4.532217383384704590e-01
4.194669425487518311e-01
4.200257062911987305e-01
4.293525516986846924e-01
4.304245710372924805e-01
4.496752321720123291e-01
5.121202468872070312e-01
4.174334704875946045e-01
4.233964085578918457e-01
5.040193796157836914e-01
4.685474336147308350e-01
4.254425466060638428e-01
4.332299828529357910e-01
4.544904232025146484e-01
5.921459197998046875e-01
5.111209154129028320e-01
4.578641653060913086e-01
4.818221330642700195e-01
5.073615908622741699e-01
4.921570122241973877e-01
4.340054988861083984e-01
4.938057065010070801e-01
4.853874742984771729e-01
4.704644680023193359e-01
4.269233345985412598e-01
4.612416326999664307e-01
4.121547043323516846e-01
3.694472908973693848e-01
4.709856510162353516e-01
3.818175792694091797e-01
4.828081727027893066e-01
4.744793772697448730e-01
4.720962643623352051e-01
5.092654228210449219e-01
4.151160717010498047e-01
4.450123608112335205e-01
4.495120048522949219e-01
4.233059287071228027e-01
5.217419266700744629e-01
4.255068898200988770e-01
4.420630931854248047e-01
4.074453711509704590e-01
4.977325201034545898e-01
4.208025932312011719e-01
4.405404627323150635e-01
4.720332324504852295e-01
4.207707941532135010e-01
4.476180076599121094e-01
4.257291853427886963e-01
4.222433865070343018e-01
3.917330205440521240e-01
3.721451461315155029e-01
5.494309067726135254e-01
5.293084979057312012e-01
3.816475272178649902e-01
4.063418507575988770e-01
4.564998447895050049e-01
4.431348443031311035e-01
4.762264788150787354e-01
3.937547504901885986e-01
4.509556591510772705e-01
3.636284172534942627e-01
4.186462759971618652e-01
4.086936712265014648e-01
3.665262460708618164e-01
5.069494843482971191e-01
4.409322738647460938e-01
5.208367109298706055e-01
4.506433606147766113e-01
4.470081329345703125e-01
3.944207727909088135e-01
4.499157071113586426e-01
3.716818392276763916e-01
4.889274239540100098e-01
4.390916824340820312e-01
5.467472076416015625e-01
3.818528950214385986e-01
5.231879949569702148e-01
4.272564351558685303e-01
4.648508727550506592e-01
4.729191958904266357e-01
4.761267304420471191e-01
4.279730916023254395e-01
4.438016414642333984e-01
4.422765970230102539e-01
4.591668248176574707e-01
4.816120862960815430e-01
4.296042323112487793e-01
3.900885879993438721e-01
4.876545667648315430e-01
4.901701211929321289e-01
4.781100153923034668e-01
4.506354928016662598e-01
4.724568724632263184e-01
3.752571940422058105e-01
4.372968971729278564e-01
4.107071459293365479e-01
4.351397156715393066e-01
4.097979664802551270e-01
3.333736956119537354e-01
3.895829021930694580e-01
4.236576259136199951e-01
4.149477183818817139e-01
3.936454653739929199e-01
3.225741088390350342e-01
3.817344903945922852e-01
4.780468046665191650e-01
4.145551621913909912e-01
4.547530412673950195e-01
3.762514293193817139e-01
3.987680375576019287e-01
4.449851810932159424e-01
4.275225996971130371e-01
4.724212288856506348e-01
4.211568236351013184e-01
4.134367704391479492e-01
4.806100726127624512e-01
4.460575580596923828e-01
4.266600608825683594e-01
4.602504670619964600e-01
4.492136538028717041e-01
4.519833922386169434e-01
3.894034326076507568e-01
4.226722121238708496e-01
4.462785422801971436e-01
4.715672135353088379e-01
4.549790024757385254e-01
4.209755957126617432e-01
4.225318729877471924e-01
4.312244951725006104e-01
4.611512124538421631e-01
3.662853837013244629e-01
4.016992151737213135e-01
3.918776512145996094e-01
4.931786954402923584e-01
4.910965263843536377e-01
3.913249075412750244e-01
3.966446220874786377e-01
4.647491276264190674e-01
4.532409012317657471e-01
4.991881847381591797e-01
4.497041106224060059e-01
4.726490974426269531e-01
4.332010447978973389e-01
4.722270667552947998e-01
5.144675970077514648e-01
4.277458786964416504e-01
4.627169370651245117e-01
4.718482792377471924e-01
3.908907771110534668e-01
4.386117756366729736e-01
4.172301888465881348e-01
4.233024716377258301e-01
4.183810651302337646e-01
4.346755445003509521e-01
4.581807255744934082e-01
4.441276788711547852e-01
4.048621952533721924e-01
3.923992514610290527e-01
4.333950579166412354e-01
4.634785056114196777e-01
4.988703131675720215e-01
4.528065025806427002e-01
4.361205697059631348e-01
3.981380760669708252e-01
3.795169591903686523e-01
3.648883998394012451e-01
3.382632732391357422e-01
5.104529261589050293e-01
3.989325463771820068e-01
4.606888890266418457e-01
4.356235861778259277e-01
4.214376211166381836e-01
4.293332099914550781e-01
4.278113842010498047e-01
4.168723821640014648e-01
4.562775492668151855e-01
4.008678197860717773e-01
4.441528320312500000e-01
5.081914663314819336e-01
4.916104972362518311e-01
5.140306949615478516e-01
3.734634220600128174e-01
4.380444884300231934e-01
4.289343059062957764e-01
4.261445999145507812e-01
5.059781670570373535e-01
4.970597624778747559e-01
4.460841119289398193e-01
4.418071210384368896e-01
4.760239422321319580e-01
4.212820231914520264e-01
4.503605365753173828e-01
4.631983935832977295e-01
4.411407113075256348e-01
4.724559485912322998e-01
4.762892425060272217e-01
4.334697425365447998e-01
4.146353304386138916e-01
4.107687771320343018e-01
3.964304924011230469e-01
4.788621366024017334e-01
5.130361318588256836e-01
4.266392290592193604e-01
4.321477413177490234e-01
4.244104325771331787e-01
4.586075842380523682e-01
4.057225286960601807e-01
4.247893989086151123e-01
4.077132940292358398e-01
3.779447078704833984e-01
4.299994111061096191e-01
4.007135629653930664e-01
4.264189600944519043e-01
4.973031878471374512e-01
3.814651668071746826e-01
4.555530846118927002e-01
4.248504042625427246e-01
3.950124680995941162e-01
3.768663704395294189e-01
4.447585940361022949e-01
3.844711482524871826e-01
4.144385159015655518e-01
4.642041623592376709e-01
3.861434459686279297e-01
4.950078725814819336e-01
4.418790936470031738e-01
4.200967550277709961e-01
4.590381979942321777e-01
4.091760218143463135e-01
4.165293574333190918e-01
4.176954030990600586e-01
4.325615465641021729e-01
4.537974298000335693e-01
4.658940732479095459e-01
5.094202756881713867e-01
4.585152864456176758e-01
3.984937667846679688e-01
4.929070472717285156e-01
4.251505732536315918e-01
4.817518889904022217e-01
3.944036364555358887e-01
4.039054512977600098e-01
4.184957444667816162e-01
4.606776535511016846e-01
4.365212917327880859e-01
4.315770268440246582e-01
4.384320378303527832e-01
3.819459080696105957e-01
4.255070090293884277e-01
4.708990156650543213e-01
3.936404585838317871e-01
4.554879963397979736e-01
4.619987905025482178e-01
4.015755355358123779e-01
4.598096907138824463e-01
4.098436534404754639e-01
4.359804391860961914e-01
4.121752381324768066e-01
4.448835849761962891e-01
4.450369179248809814e-01
4.808766543865203857e-01
5.034348368644714355e-01
4.213816225528717041e-01
4.166423380374908447e-01
4.339952766895294189e-01
4.511901736259460449e-01
3.673054575920104980e-01
3.937486708164215088e-01
4.728858470916748047e-01
4.435242116451263428e-01
3.406666815280914307e-01
4.209810495376586914e-01
4.934375882148742676e-01
3.794878423213958740e-01
4.491130709648132324e-01
5.397944450378417969e-01
4.393976926803588867e-01
4.074267446994781494e-01
3.893680870532989502e-01
4.598529934883117676e-01
4.088746607303619385e-01
3.821197152137756348e-01
4.874563515186309814e-01
4.477012157440185547e-01
4.202960729598999023e-01
4.460021853446960449e-01
3.954797387123107910e-01
4.564417898654937744e-01
4.816693663597106934e-01
4.354446828365325928e-01
4.358886480331420898e-01
4.349626600742340088e-01
3.945138752460479736e-01
4.073298275470733643e-01
4.028910398483276367e-01
4.675540328025817871e-01
4.160417020320892334e-01
3.972526490688323975e-01
4.256164431571960449e-01
4.200321435928344727e-01
3.501684069633483887e-01
4.030047953128814697e-01
4.392873346805572510e-01
4.231141507625579834e-01
3.802150189876556396e-01
4.217775464057922363e-01
3.886202871799468994e-01
4.577666819095611572e-01
4.725486636161804199e-01
4.476890265941619873e-01
4.764018356800079346e-01
3.836562335491180420e-01
4.842323660850524902e-01
4.057784378528594971e-01
4.085818529129028320e-01
3.811561763286590576e-01
3.732424676418304443e-01
3.949081897735595703e-01
3.966777026653289795e-01
4.352524578571319580e-01
5.575596094131469727e-01
4.329541623592376709e-01
4.819144308567047119e-01
4.188893437385559082e-01
4.861147999763488770e-01
4.153814911842346191e-01
3.798648416996002197e-01
3.967158794403076172e-01
4.364605247974395752e-01
4.108493328094482422e-01
4.001892805099487305e-01
4.270460903644561768e-01
4.112977087497711182e-01
4.823892712593078613e-01
4.430368244647979736e-01
4.606913924217224121e-01
3.786443471908569336e-01
4.763183295726776123e-01
5.183488726615905762e-01
4.798784255981445312e-01
4.003574848175048828e-01
4.663374423980712891e-01
4.499392807483673096e-01
4.364348053932189941e-01
4.241435527801513672e-01
4.777129590511322021e-01
4.283964037895202637e-01
4.148193895816802979e-01
4.746968448162078857e-01
4.804193079471588135e-01
3.796651065349578857e-01
4.253076612949371338e-01
4.298510551452636719e-01
4.913805723190307617e-01
4.914268851280212402e-01
4.373837709426879883e-01
3.762134909629821777e-01
3.938524127006530762e-01
4.862790405750274658e-01
4.438806474208831787e-01
4.056749343872070312e-01
3.922218084335327148e-01
4.184579849243164062e-01
4.435631632804870605e-01
4.090398550033569336e-01
4.126290977001190186e-01
4.233654141426086426e-01
4.208093583583831787e-01
4.234470427036285400e-01
4.581839740276336670e-01
4.410322308540344238e-01
3.893965482711791992e-01
4.554992318153381348e-01
4.560476243495941162e-01
4.400096833705902100e-01
4.666413366794586182e-01
3.789793550968170166e-01
4.745963811874389648e-01
4.033576846122741699e-01
5.266162157058715820e-01
3.707344532012939453e-01
4.457743167877197266e-01
4.688711166381835938e-01
3.575948774814605713e-01
4.465156495571136475e-01
3.940173387527465820e-01
4.156329035758972168e-01
3.978034555912017822e-01
3.494381308555603027e-01
3.529606759548187256e-01
4.783540368080139160e-01
4.218617379665374756e-01
4.212310314178466797e-01
4.535525441169738770e-01
4.011722803115844727e-01
4.417699277400970459e-01
5.129581093788146973e-01
4.213038682937622070e-01
4.345774650573730469e-01
3.823838233947753906e-01
4.341718256473541260e-01
4.310844242572784424e-01
4.724936187267303467e-01
4.341396987438201904e-01
4.160445332527160645e-01
4.805928766727447510e-01
4.643965959548950195e-01
4.489629864692687988e-01
4.261950850486755371e-01
3.717775940895080566e-01
4.118332862854003906e-01
4.732028841972351074e-01
4.542531669139862061e-01
4.120238423347473145e-01
4.399745166301727295e-01
4.001626074314117432e-01
4.651702940464019775e-01
4.522960782051086426e-01
3.500721454620361328e-01
4.491837024688720703e-01
4.187130033969879150e-01
4.025199711322784424e-01
3.884706497192382812e-01
4.195357859134674072e-01
4.018293619155883789e-01
4.889413118362426758e-01
3.734602928161621094e-01
3.971136510372161865e-01
3.947518169879913330e-01
3.964048922061920166e-01
3.552371561527252197e-01
3.968925774097442627e-01
4.069761931896209717e-01
4.732879996299743652e-01
4.415306448936462402e-01
4.560078084468841553e-01
4.182405471801757812e-01
4.291768074035644531e-01
4.066781401634216309e-01
3.823578357696533203e-01
3.833769261837005615e-01
5.226730704307556152e-01
4.108426570892333984e-01
3.987933993339538574e-01
4.231970012187957764e-01
4.153495430946350098e-01
4.515271186828613281e-01
3.750108480453491211e-01
4.284732341766357422e-01
4.181999564170837402e-01
4.475654065608978271e-01
3.833995461463928223e-01
4.747107625007629395e-01
4.036673307418823242e-01
3.947131037712097168e-01
4.115973114967346191e-01
4.130083322525024414e-01
4.354274868965148926e-01
4.896148145198822021e-01
4.240933954715728760e-01
3.921674191951751709e-01
4.078503847122192383e-01
4.766104817390441895e-01
4.766090512275695801e-01
3.782594501972198486e-01
4.116384387016296387e-01
4.155790209770202637e-01
4.855481386184692383e-01
4.217389523983001709e-01
4.630071222782135010e-01
4.684353470802307129e-01
4.250434339046478271e-01
4.115287363529205322e-01
3.876807093620300293e-01
3.856271803379058838e-01
4.261309802532196045e-01
4.056766331195831299e-01
3.992647528648376465e-01
3.894100189208984375e-01
4.951235949993133545e-01
4.843853414058685303e-01
4.443717896938323975e-01
4.355496168136596680e-01
4.375713169574737549e-01
3.879808187484741211e-01
4.160438179969787598e-01
4.815251827239990234e-01
4.307439923286437988e-01
4.444466531276702881e-01
4.170638918876647949e-01
4.346431493759155273e-01
4.055900275707244873e-01
3.751900792121887207e-01
4.650727808475494385e-01
4.073537290096282959e-01
4.322102665901184082e-01
3.894377350807189941e-01
4.327099323272705078e-01
4.211576581001281738e-01
3.965140581130981445e-01
3.933573067188262939e-01
4.441471695899963379e-01
4.309319853782653809e-01
4.343802034854888916e-01
4.870700538158416748e-01
5.297346115112304688e-01
4.502388834953308105e-01
4.590740203857421875e-01
4.435827732086181641e-01
4.143241345882415771e-01
4.136390686035156250e-01
4.096954166889190674e-01
4.452675580978393555e-01
3.885822296142578125e-01
4.282527565956115723e-01
4.421904683113098145e-01
4.387852549552917480e-01
3.824668526649475098e-01
4.334811270236968994e-01
4.522698521614074707e-01
3.767515718936920166e-01
4.848036766052246094e-01
4.780416786670684814e-01
3.870406746864318848e-01
4.217041730880737305e-01
4.282301068305969238e-01
3.783026933670043945e-01
3.879883289337158203e-01
3.875927031040191650e-01
4.627875983715057373e-01
4.458981752395629883e-01
4.440043568611145020e-01
4.186569452285766602e-01
4.674172699451446533e-01
4.491328597068786621e-01
4.055564403533935547e-01
5.194400548934936523e-01
4.286505877971649170e-01
4.430459737777709961e-01
4.606005549430847168e-01
4.552965760231018066e-01
4.587075710296630859e-01
4.303938448429107666e-01
4.690109789371490479e-01
4.340422153472900391e-01
4.257223606109619141e-01
4.226469397544860840e-01
3.793468773365020752e-01
4.212068021297454834e-01
4.281437695026397705e-01
4.233847856521606445e-01
4.139092564582824707e-01
3.925146758556365967e-01
4.205851852893829346e-01
4.578023254871368408e-01
4.438522756099700928e-01
3.801792860031127930e-01
4.487853348255157471e-01
