6.512347459793090820e-01
5.898497104644775391e-01
5.570716857910156250e-01
5.560740828514099121e-01
5.988703370094299316e-01
5.824186801910400391e-01
5.827882289886474609e-01
5.873495936393737793e-01
5.176331400871276855e-01
6.623214483261108398e-01
5.104942321777343750e-01
4.936479330062866211e-01
5.639954209327697754e-01
4.679030478000640869e-01
4.730574190616607666e-01
5.184781551361083984e-01
4.101459980010986328e-01
4.844137728214263916e-01
6.100237965583801270e-01
6.092898845672607422e-01
4.546355605125427246e-01
4.407017529010772705e-01
4.882253110408782959e-01
4.946702122688293457e-01
4.937044084072113037e-01
5.018115639686584473e-01
5.148325562477111816e-01
4.754931330680847168e-01
4.649086594581604004e-01
5.015205144882202148e-01
5.201099514961242676e-01
5.225735306739807129e-01
4.514777660369873047e-01
4.812520742416381836e-01
4.839061796665191650e-01
4.537020921707153320e-01
5.528889894485473633e-01
4.959878921508789062e-01
4.323920011520385742e-01
4.259444177150726318e-01
5.029186606407165527e-01
3.807641267776489258e-01
5.519338846206665039e-01
5.480112433433532715e-01
4.491944611072540283e-01
4.703142344951629639e-01
4.862720668315887451e-01
4.597000777721405029e-01
3.912583589553833008e-01
4.214138090610504150e-01
4.827721118927001953e-01
4.463427364826202393e-01
5.485111474990844727e-01
5.425128340721130371e-01
5.319771170616149902e-01
4.931282401084899902e-01
4.801759719848632812e-01
5.189448595046997070e-01
5.056536793708801270e-01
4.695536196231842041e-01
4.606211781501770020e-01
4.383461177349090576e-01
4.259468615055084229e-01
4.527911543846130371e-01
4.717094898223876953e-01
4.356848001480102539e-01
4.766342043876647949e-01
4.248577356338500977e-01
4.676256775856018066e-01
4.824199378490447998e-01
4.703973829746246338e-01
4.155290424823760986e-01
5.278881788253784180e-01
4.702118039131164551e-01
3.965521454811096191e-01
5.561267733573913574e-01
4.717023670673370361e-01
4.111225008964538574e-01
4.048192203044891357e-01
4.698544740676879883e-01
4.677560627460479736e-01
4.097109138965606689e-01
4.665660262107849121e-01
4.401436150074005127e-01
4.433813393115997314e-01
4.402256608009338379e-01
4.106961786746978760e-01
5.444775223731994629e-01
4.313854277133941650e-01
4.775198101997375488e-01
4.259316325187683105e-01
4.988779723644256592e-01
4.275345802307128906e-01
3.753193616867065430e-01
4.403690099716186523e-01
4.181019365787506104e-01
4.283454716205596924e-01
4.278766214847564697e-01
4.525775611400604248e-01
4.408888220787048340e-01
4.049926996231079102e-01
4.808616936206817627e-01
4.584901332855224609e-01
4.112770259380340576e-01
4.290883541107177734e-01
4.611310958862304688e-01
5.056671500205993652e-01
4.006784260272979736e-01
4.691504836082458496e-01
4.359707832336425781e-01
5.088662505149841309e-01
4.748267233371734619e-01
4.130358695983886719e-01
3.776208162307739258e-01
5.110180377960205078e-01
4.050728678703308105e-01
4.676792323589324951e-01
4.794552028179168701e-01
4.508079290390014648e-01
4.449639618396759033e-01
4.409690797328948975e-01
4.370251297950744629e-01
4.536849260330200195e-01
4.421710669994354248e-01
3.981354236602783203e-01
4.351987838745117188e-01
4.477262496948242188e-01
4.778294265270233154e-01
4.252939820289611816e-01
4.352262020111083984e-01
4.351299703121185303e-01
4.663891196250915527e-01
4.725832939147949219e-01
4.660260081291198730e-01
4.649888575077056885e-01
4.146249592304229736e-01
4.314339160919189453e-01
4.514124095439910889e-01
4.955962002277374268e-01
3.459422886371612549e-01
4.556240737438201904e-01
4.944884479045867920e-01
3.971826434135437012e-01
4.781323671340942383e-01
3.823221623897552490e-01
4.660626649856567383e-01
4.855081737041473389e-01
4.213341772556304932e-01
4.140970408916473389e-01
4.591311216354370117e-01
4.261413216590881348e-01
4.105874300003051758e-01
4.212120771408081055e-01
4.599789381027221680e-01
4.864286184310913086e-01
4.726251065731048584e-01
3.919738829135894775e-01
4.718435108661651611e-01
4.136686027050018311e-01
4.623678922653198242e-01
4.898971319198608398e-01
5.135035514831542969e-01
4.333372712135314941e-01
4.744301736354827881e-01
4.503695964813232422e-01
3.951934278011322021e-01
3.998261094093322754e-01
4.389112889766693115e-01
4.029885232448577881e-01
3.676176667213439941e-01
5.101994872093200684e-01
4.301266968250274658e-01
5.075458288192749023e-01
4.853705763816833496e-01
4.830998480319976807e-01
4.076706767082214355e-01
4.416323304176330566e-01
4.462297558784484863e-01
5.378708243370056152e-01
3.836147189140319824e-01
5.225321054458618164e-01
4.731356501579284668e-01
4.638412594795227051e-01
4.609231352806091309e-01
4.455011785030364990e-01
4.360091984272003174e-01
4.641224741935729980e-01
5.312740206718444824e-01
4.078337550163269043e-01
4.716196060180664062e-01
4.438904523849487305e-01
4.478741288185119629e-01
4.314727783203125000e-01
4.181172847747802734e-01
4.949421584606170654e-01
3.538590073585510254e-01
4.026440680027008057e-01
4.806200265884399414e-01
4.611035585403442383e-01
3.805959820747375488e-01
4.009909927845001221e-01
4.205933511257171631e-01
4.774384498596191406e-01
4.325556457042694092e-01
3.776171803474426270e-01
4.641534090042114258e-01
4.515833854675292969e-01
4.935442805290222168e-01
4.270170927047729492e-01
4.155308902263641357e-01
3.679249584674835205e-01
4.010407626628875732e-01
4.117861986160278320e-01
4.261542856693267822e-01
5.051400661468505859e-01
4.227566123008728027e-01
4.325104951858520508e-01
4.549224674701690674e-01
4.515359103679656982e-01
4.168266355991363525e-01
4.024298191070556641e-01
5.283221602439880371e-01
4.291144311428070068e-01
4.630957543849945068e-01
4.479725658893585205e-01
3.809585869312286377e-01
4.393872618675231934e-01
4.613282084465026855e-01
4.585258364677429199e-01
4.325311779975891113e-01
4.566426873207092285e-01
3.906879723072052002e-01
3.936881422996520996e-01
4.552335441112518311e-01
4.432718157768249512e-01
4.941141009330749512e-01
4.556627571582794189e-01
4.626020789146423340e-01
5.189775228500366211e-01
3.976324796676635742e-01
3.537773787975311279e-01
3.861723840236663818e-01
6.264584660530090332e-01
4.384016692638397217e-01
4.502076506614685059e-01
5.128648281097412109e-01
4.344400465488433838e-01
4.104055464267730713e-01
5.049886107444763184e-01
4.592738747596740723e-01
4.586765170097351074e-01
4.412301480770111084e-01
4.077390134334564209e-01
4.256281256675720215e-01
5.233976840972900391e-01
4.749613702297210693e-01
4.687692224979400635e-01
3.876028358936309814e-01
4.392485022544860840e-01
4.301517307758331299e-01
4.408656656742095947e-01
4.046207070350646973e-01
3.883117735385894775e-01
4.574029147624969482e-01
3.739195168018341064e-01
3.956255018711090088e-01
4.493612051010131836e-01
4.863373637199401855e-01
3.830320537090301514e-01
5.115680098533630371e-01
4.806283414363861084e-01
4.064131081104278564e-01
5.045633912086486816e-01
4.438176453113555908e-01
3.882808983325958252e-01
4.203543365001678467e-01
4.581333696842193604e-01
4.177697896957397461e-01
4.300409257411956787e-01
4.595505297183990479e-01
3.696297109127044678e-01
4.675250649452209473e-01
3.921668529510498047e-01
4.060878753662109375e-01
4.459919631481170654e-01
4.575549066066741943e-01
4.644123315811157227e-01
4.936626553535461426e-01
5.255572795867919922e-01
4.028928279876708984e-01
3.666360974311828613e-01
3.894494771957397461e-01
4.499574303627014160e-01
4.940784871578216553e-01
5.539165139198303223e-01
4.939692318439483643e-01
5.070675611495971680e-01
4.382655322551727295e-01
4.151666760444641113e-01
4.443751275539398193e-01
4.734818637371063232e-01
4.240072369575500488e-01
4.377660155296325684e-01
4.487895369529724121e-01
4.254001975059509277e-01
4.463910758495330811e-01
3.955156803131103516e-01
4.807946085929870605e-01
4.816569685935974121e-01
3.474312722682952881e-01
4.335593879222869873e-01
4.369132816791534424e-01
4.483546316623687744e-01
4.808543920516967773e-01
4.277431368827819824e-01
4.317615330219268799e-01
4.610516428947448730e-01
4.532733857631683350e-01
4.466023445129394531e-01
4.641370773315429688e-01
3.433523476123809814e-01
4.326555430889129639e-01
4.085710942745208740e-01
4.028987586498260498e-01
4.007241427898406982e-01
3.937483131885528564e-01
3.988042473793029785e-01
4.324456453323364258e-01
4.669042229652404785e-01
4.065254926681518555e-01
4.751156568527221680e-01
4.078710973262786865e-01
4.485839605331420898e-01
3.542751073837280273e-01
4.429280757904052734e-01
3.500849008560180664e-01
3.492180109024047852e-01
5.136241316795349121e-01
4.227451682090759277e-01
4.917340874671936035e-01
4.541993737220764160e-01
4.342454075813293457e-01
4.594671130180358887e-01
4.590752124786376953e-01
4.326380193233489990e-01
4.082220494747161865e-01
4.672642052173614502e-01
4.880529642105102539e-01
4.420844018459320068e-01
3.940586745738983154e-01
3.947310447692871094e-01
5.016202330589294434e-01
4.692669510841369629e-01
4.054895937442779541e-01
4.409395158290863037e-01
4.509971141815185547e-01
4.159615635871887207e-01
3.767775893211364746e-01
3.670781552791595459e-01
4.867421388626098633e-01
4.568661749362945557e-01
3.972994089126586914e-01
4.885171055793762207e-01
3.970718383789062500e-01
4.478510916233062744e-01
4.077136516571044922e-01
4.455938041210174561e-01
3.657481372356414795e-01
4.848890304565429688e-01
3.644762039184570312e-01
4.729596972465515137e-01
3.768140077590942383e-01
4.246045053005218506e-01
4.530651271343231201e-01
4.436008334159851074e-01
4.837519228458404541e-01
4.366366565227508545e-01
4.075717926025390625e-01
4.569602608680725098e-01
4.007293581962585449e-01
3.826928138732910156e-01
4.120628237724304199e-01
4.148650765419006348e-01
4.679275155067443848e-01
3.963972032070159912e-01
3.409878313541412354e-01
3.918210566043853760e-01
4.343671798706054688e-01
4.119845926761627197e-01
3.772590160369873047e-01
4.202426075935363770e-01
4.291973710060119629e-01
4.174053668975830078e-01
4.183149635791778564e-01
4.135382771492004395e-01
4.347954392433166504e-01
3.422816693782806396e-01
3.871465027332305908e-01
4.415780305862426758e-01
3.801416158676147461e-01
5.327354073524475098e-01
4.186663031578063965e-01
3.612001836299896240e-01
4.532645940780639648e-01
4.414006471633911133e-01
4.436390995979309082e-01
4.230744242668151855e-01
4.453841149806976318e-01
4.051120877265930176e-01
3.959818184375762939e-01
3.527945280075073242e-01
3.706889152526855469e-01
4.757670164108276367e-01
4.208998382091522217e-01
4.693694412708282471e-01
4.274771809577941895e-01
4.561303555965423584e-01
4.617532789707183838e-01
4.033254384994506836e-01
4.662866294384002686e-01
4.100392460823059082e-01
4.579515457153320312e-01
4.345191121101379395e-01
4.354915618896484375e-01
4.419423937797546387e-01
4.464525282382965088e-01
4.741895794868469238e-01
3.774022459983825684e-01
3.978614509105682373e-01
4.134467244148254395e-01
3.821384310722351074e-01
4.480094611644744873e-01
3.845990896224975586e-01
4.822471141815185547e-01
4.176056981086730957e-01
4.304116964340209961e-01
4.963638484477996826e-01
4.334007501602172852e-01
4.290438294410705566e-01
4.216645658016204834e-01
3.748251497745513916e-01
3.436336517333984375e-01
3.874897360801696777e-01
3.847700953483581543e-01
4.512249827384948730e-01
3.903184831142425537e-01
4.805325865745544434e-01
4.330692589282989502e-01
3.906802535057067871e-01
5.310382246971130371e-01
4.824701547622680664e-01
4.677320420742034912e-01
4.439304471015930176e-01
4.544234275817871094e-01
4.039584696292877197e-01
4.002571105957031250e-01
4.131970405578613281e-01
4.862827658653259277e-01
4.423614144325256348e-01
3.606005907058715820e-01
3.571962118148803711e-01
4.469486773014068604e-01
4.112081229686737061e-01
4.986084401607513428e-01
4.476234316825866699e-01
4.291014969348907471e-01
4.593352377414703369e-01
4.495017826557159424e-01
4.450654983520507812e-01
3.544523119926452637e-01
4.111123979091644287e-01
4.415365457534790039e-01
4.416234195232391357e-01
4.410775005817413330e-01
3.308427631855010986e-01
4.574880301952362061e-01
3.770446777343750000e-01
4.441014826297760010e-01
4.049540758132934570e-01
3.782716691493988037e-01
4.155600666999816895e-01
4.366213977336883545e-01
4.383229315280914307e-01
4.238870739936828613e-01
4.000967442989349365e-01
4.336720705032348633e-01
4.310147762298583984e-01
4.105863571166992188e-01
4.123568534851074219e-01
4.462302625179290771e-01
4.000976979732513428e-01
4.414460361003875732e-01
4.016709029674530029e-01
4.018564820289611816e-01
3.502553999423980713e-01
4.395180642604827881e-01
4.157348871231079102e-01
4.597425162792205811e-01
4.753810763359069824e-01
4.189288914203643799e-01
3.942402601242065430e-01
3.690515160560607910e-01
4.598705768585205078e-01
4.452808201313018799e-01
4.419961273670196533e-01
3.959748446941375732e-01
4.586483836174011230e-01
3.995889723300933838e-01
4.231792092323303223e-01
5.134792923927307129e-01
4.500837028026580811e-01
4.165956377983093262e-01
4.045907855033874512e-01
4.135848581790924072e-01
4.785683751106262207e-01
4.033823311328887939e-01
4.245109558105468750e-01
4.376063644886016846e-01
3.768782317638397217e-01
4.421910941600799561e-01
3.863747119903564453e-01
4.797177016735076904e-01
4.598878920078277588e-01
4.590349793434143066e-01
3.989959955215454102e-01
4.357244372367858887e-01
4.187763929367065430e-01
4.872542619705200195e-01
4.374037981033325195e-01
4.092311859130859375e-01
4.259321391582489014e-01
3.963125944137573242e-01
4.300457239151000977e-01
3.882536590099334717e-01
3.981546759605407715e-01
4.240827858448028564e-01
3.929597735404968262e-01
4.127193391323089600e-01
4.515778422355651855e-01
4.263514876365661621e-01
4.311671555042266846e-01
3.988266289234161377e-01
4.530142545700073242e-01
3.881096839904785156e-01
3.354201614856719971e-01
4.523463249206542969e-01
4.339005053043365479e-01
4.341796934604644775e-01
3.959787786006927490e-01
4.330636560916900635e-01
3.692203462123870850e-01
3.546928167343139648e-01
4.618336856365203857e-01
4.575293660163879395e-01
4.200336933135986328e-01
4.957974255084991455e-01
4.322328567504882812e-01
4.763574302196502686e-01
4.741469621658325195e-01
4.725531041622161865e-01
4.421959221363067627e-01
4.735964536666870117e-01
4.392005801200866699e-01
4.773806035518646240e-01
4.208948314189910889e-01
4.728507995605468750e-01
4.274882972240447998e-01
4.699697494506835938e-01
4.167730212211608887e-01
4.246341884136199951e-01
3.494261801242828369e-01
4.287597537040710449e-01
3.894518613815307617e-01
4.868012666702270508e-01
4.779357314109802246e-01
3.735238015651702881e-01
4.411367475986480713e-01
3.905595541000366211e-01
4.449841976165771484e-01
4.439211189746856689e-01
4.369556605815887451e-01
4.249997735023498535e-01
4.088441431522369385e-01
3.624988198280334473e-01
4.614695608615875244e-01
4.158135652542114258e-01
4.035941362380981445e-01
4.373508989810943604e-01
3.293882310390472412e-01
4.420782327651977539e-01
3.846249878406524658e-01
4.330008029937744141e-01
3.724067807197570801e-01
4.760999679565429688e-01
4.120734930038452148e-01
4.523020982742309570e-01
4.683727324008941650e-01
4.556032419204711914e-01
4.343288540840148926e-01
4.175162613391876221e-01
4.293758869171142578e-01
3.796564936637878418e-01
3.904855549335479736e-01
4.118853807449340820e-01
4.547199606895446777e-01
4.088229537010192871e-01
4.297560155391693115e-01
4.181996881961822510e-01
4.230375587940216064e-01
