5.516071319580078125e+00
5.777855396270751953e+00
5.779918670654296875e+00
4.727655887603759766e+00
4.264384269714355469e+00
3.811958789825439453e+00
4.525435447692871094e+00
3.742896795272827148e+00
2.899559259414672852e+00
3.473714351654052734e+00
3.767225742340087891e+00
2.429239034652709961e+00
1.919371247291564941e+00
1.379862308502197266e+00
1.607923269271850586e+00
1.797227621078491211e+00
1.725928902626037598e+00
2.192946672439575195e+00
1.803017854690551758e+00
1.423404812812805176e+00
1.264538288116455078e+00
5.271112442016601562e+00
1.076828360557556152e+00
1.173125863075256348e+00
1.346677064895629883e+00
1.084636211395263672e+00
1.506236314773559570e+00
1.460081577301025391e+00
1.101702809333801270e+00
1.359258055686950684e+00
1.324430346488952637e+00
1.372935295104980469e+00
1.083810210227966309e+00
1.394480705261230469e+00
1.075831770896911621e+00
1.189117550849914551e+00
1.362654566764831543e+00
1.152385115623474121e+00
1.010045170783996582e+00
1.248670458793640137e+00
1.019192099571228027e+00
1.043722987174987793e+00
7.888963818550109863e-01
1.009751319885253906e+00
9.101213812828063965e-01
7.363221049308776855e-01
1.065575480461120605e+00
9.406977295875549316e-01
1.035550355911254883e+00
9.765043258666992188e-01
9.410258531570434570e-01
8.151155710220336914e-01
1.160617351531982422e+00
9.519532918930053711e-01
7.720255851745605469e-01
1.144760608673095703e+00
7.428761720657348633e-01
7.791339159011840820e-01
8.526786565780639648e-01
6.481394767761230469e-01
1.051273107528686523e+00
7.477083206176757812e-01
1.030537247657775879e+00
7.963895797729492188e-01
7.665124535560607910e-01
7.382857799530029297e-01
6.441122293472290039e-01
9.057827591896057129e-01
9.553152322769165039e-01
7.753844261169433594e-01
9.159022569656372070e-01
6.114461421966552734e-01
8.803193569183349609e-01
8.975802063941955566e-01
9.865310192108154297e-01
7.394313216209411621e-01
1.102158904075622559e+00
6.949990391731262207e-01
9.671257138252258301e-01
8.689267635345458984e-01
8.931219577789306641e-01
1.043028593063354492e+00
6.891269683837890625e-01
7.688550353050231934e-01
6.732475757598876953e-01
6.220861077308654785e-01
9.566215276718139648e-01
5.613242387771606445e-01
4.794137179851531982e-01
8.151206374168395996e-01
5.457490086555480957e-01
7.456366419792175293e-01
8.608444333076477051e-01
5.913463830947875977e-01
9.987311959266662598e-01
6.677985191345214844e-01
8.834409713745117188e-01
6.696218252182006836e-01
7.016307711601257324e-01
6.518983840942382812e-01
5.275084376335144043e-01
7.057058811187744141e-01
8.971120715141296387e-01
6.426626443862915039e-01
5.813838243484497070e-01
7.878360748291015625e-01
6.607728600502014160e-01
1.129135966300964355e+00
6.952697634696960449e-01
7.119123935699462891e-01
7.816247940063476562e-01
5.766148567199707031e-01
7.230224013328552246e-01
7.085398435592651367e-01
7.529770731925964355e-01
8.459450602531433105e-01
7.548579573631286621e-01
7.573726773262023926e-01
6.841837167739868164e-01
8.449987769126892090e-01
7.992505431175231934e-01
6.913914084434509277e-01
7.812162637710571289e-01
8.142458200454711914e-01
6.034002304077148438e-01
5.438946485519409180e-01
6.798998117446899414e-01
7.535539269447326660e-01
1.350463867187500000e+00
6.553133726119995117e-01
7.886959314346313477e-01
6.448122859001159668e-01
6.903020143508911133e-01
8.165605664253234863e-01
5.899479389190673828e-01
6.086078286170959473e-01
7.946886420249938965e-01
7.990874052047729492e-01
8.479599952697753906e-01
6.667007803916931152e-01
8.161991834640502930e-01
6.870700120925903320e-01
6.764329075813293457e-01
6.569734811782836914e-01
5.923823714256286621e-01
6.043592691421508789e-01
6.740877032279968262e-01
4.896504282951354980e-01
9.665958881378173828e-01
5.639770030975341797e-01
5.332132577896118164e-01
8.229763507843017578e-01
4.916990995407104492e-01
5.349580645561218262e-01
8.448967933654785156e-01
7.463884949684143066e-01
5.256315469741821289e-01
7.768781781196594238e-01
6.397135257720947266e-01
6.180981397628784180e-01
5.806412100791931152e-01
7.082940340042114258e-01
6.008572578430175781e-01
6.942632794380187988e-01
4.996861517429351807e-01
7.318788170814514160e-01
7.151150703430175781e-01
6.927580833435058594e-01
8.054925203323364258e-01
5.230513215065002441e-01
6.358869671821594238e-01
6.712390780448913574e-01
7.546070218086242676e-01
5.882365107536315918e-01
6.036477088928222656e-01
9.228755235671997070e-01
7.718678116798400879e-01
4.847298264503479004e-01
6.954163312911987305e-01
5.649003386497497559e-01
8.611596226692199707e-01
6.870517134666442871e-01
6.677124500274658203e-01
6.594139933586120605e-01
5.967176556587219238e-01
5.694067478179931641e-01
5.981277823448181152e-01
5.824038982391357422e-01
6.001380681991577148e-01
8.192899227142333984e-01
6.506478190422058105e-01
7.640568614006042480e-01
6.468331217765808105e-01
6.790929436683654785e-01
7.696731090545654297e-01
4.785372018814086914e-01
5.005033612251281738e-01
7.402895689010620117e-01
4.981363415718078613e-01
8.673582077026367188e-01
8.472875356674194336e-01
6.360757946968078613e-01
6.270166635513305664e-01
7.809244394302368164e-01
7.019122838973999023e-01
8.100094199180603027e-01
5.476287603378295898e-01
8.017157316207885742e-01
7.339480519294738770e-01
4.977594614028930664e-01
7.776725888252258301e-01
7.325719594955444336e-01
5.155636072158813477e-01
4.496417939662933350e-01
7.342436909675598145e-01
6.015236973762512207e-01
7.466412186622619629e-01
7.700018286705017090e-01
6.217184066772460938e-01
6.510478854179382324e-01
5.568900108337402344e-01
6.487093567848205566e-01
7.820534706115722656e-01
7.180476188659667969e-01
5.274050235748291016e-01
6.844704151153564453e-01
5.582686066627502441e-01
5.129436254501342773e-01
6.269772648811340332e-01
5.345911979675292969e-01
6.079148054122924805e-01
4.820306301116943359e-01
5.765500068664550781e-01
5.488476753234863281e-01
7.919114232063293457e-01
5.129771828651428223e-01
6.704769730567932129e-01
7.113850116729736328e-01
6.465332508087158203e-01
6.060405373573303223e-01
9.224163293838500977e-01
7.274858951568603516e-01
5.635718703269958496e-01
8.373282551765441895e-01
4.411981105804443359e-01
5.833097100257873535e-01
5.819091200828552246e-01
5.392603874206542969e-01
6.147108674049377441e-01
5.830140113830566406e-01
6.985997557640075684e-01
4.059964418411254883e-01
7.692075967788696289e-01
5.465361475944519043e-01
6.698464155197143555e-01
6.880920529365539551e-01
5.980855226516723633e-01
6.190599203109741211e-01
6.543134450912475586e-01
5.753809213638305664e-01
4.814501702785491943e-01
4.363874495029449463e-01
4.364005923271179199e-01
6.887658834457397461e-01
5.954461693763732910e-01
8.105094432830810547e-01
6.970683932304382324e-01
8.031870126724243164e-01
5.184589028358459473e-01
6.543734669685363770e-01
5.779714584350585938e-01
5.194050073623657227e-01
4.274754524230957031e-01
5.341723561286926270e-01
6.674989461898803711e-01
7.615611553192138672e-01
4.463146924972534180e-01
7.315382361412048340e-01
6.017238497734069824e-01
4.951729774475097656e-01
4.953532814979553223e-01
5.292742848396301270e-01
6.294333934783935547e-01
3.815295696258544922e-01
7.384943366050720215e-01
4.407478272914886475e-01
4.880653023719787598e-01
4.929898977279663086e-01
4.965287148952484131e-01
6.408919692039489746e-01
6.464949250221252441e-01
4.658083915710449219e-01
4.941740632057189941e-01
5.870369076728820801e-01
4.797657132148742676e-01
4.217562377452850342e-01
7.488978505134582520e-01
5.347589254379272461e-01
6.494782567024230957e-01
5.946357250213623047e-01
6.222593188285827637e-01
5.381669998168945312e-01
5.316962003707885742e-01
3.894531428813934326e-01
5.403715372085571289e-01
4.759405255317687988e-01
4.102164208889007568e-01
5.912345647811889648e-01
4.638643264770507812e-01
5.608000159263610840e-01
5.808681249618530273e-01
5.811009407043457031e-01
4.827164113521575928e-01
3.407493531703948975e-01
4.071328938007354736e-01
3.670489490032196045e-01
5.927644968032836914e-01
5.174969434738159180e-01
5.672625899314880371e-01
5.178411602973937988e-01
5.201637148857116699e-01
4.537160992622375488e-01
4.236550927162170410e-01
7.557723522186279297e-01
4.933189451694488525e-01
4.349536597728729248e-01
5.352318882942199707e-01
8.722192049026489258e-01
5.103912353515625000e-01
4.532057642936706543e-01
3.890424668788909912e-01
5.541159510612487793e-01
5.782838463783264160e-01
5.130259990692138672e-01
5.243031382560729980e-01
4.067608416080474854e-01
5.476128458976745605e-01
4.449129104614257812e-01
5.981302261352539062e-01
4.439933896064758301e-01
5.793762207031250000e-01
4.889560341835021973e-01
5.205988883972167969e-01
4.842771589756011963e-01
4.007518291473388672e-01
4.657989144325256348e-01
5.442436337471008301e-01
5.740456581115722656e-01
6.102913022041320801e-01
4.603136777877807617e-01
5.721228718757629395e-01
4.897756576538085938e-01
4.775738418102264404e-01
4.795222878456115723e-01
4.138844609260559082e-01
5.207834839820861816e-01
4.565203487873077393e-01
5.003975033760070801e-01
5.067410469055175781e-01
5.811097621917724609e-01
3.836427330970764160e-01
3.661873340606689453e-01
3.899218440055847168e-01
4.335881471633911133e-01
4.672304093837738037e-01
5.681907534599304199e-01
3.783241510391235352e-01
4.632556140422821045e-01
5.211662650108337402e-01
4.230266213417053223e-01
5.145050883293151855e-01
4.242858588695526123e-01
4.307882189750671387e-01
4.871778190135955811e-01
5.175925493240356445e-01
5.645779967308044434e-01
3.488678932189941406e-01
4.907542169094085693e-01
5.834888815879821777e-01
6.163594126701354980e-01
4.643891155719757080e-01
4.879720807075500488e-01
4.988198280334472656e-01
4.358608126640319824e-01
5.526719093322753906e-01
4.766388237476348877e-01
6.285725831985473633e-01
