5.287521839141845703e+00
4.996258258819580078e+00
6.575399398803710938e+00
4.419298648834228516e+00
5.304940223693847656e+00
4.877929687500000000e+00
4.731387138366699219e+00
4.115548133850097656e+00
3.888956308364868164e+00
4.668729782104492188e+00
3.439251899719238281e+00
2.944453477859497070e+00
2.111770868301391602e+00
2.036803483963012695e+00
1.807682633399963379e+00
1.823334097862243652e+00
2.199378967285156250e+00
2.212180376052856445e+00
1.813629388809204102e+00
2.122410058975219727e+00
1.986035704612731934e+00
1.556387186050415039e+00
1.303974628448486328e+00
1.228474736213684082e+00
2.334639549255371094e+00
1.414811372756958008e+00
1.270726680755615234e+00
1.556727766990661621e+00
1.081568956375122070e+00
1.027291536331176758e+00
1.503437399864196777e+00
9.000687599182128906e-01
1.340475440025329590e+00
8.494915962219238281e-01
1.155363082885742188e+00
8.227637410163879395e-01
1.198025465011596680e+00
1.105539679527282715e+00
1.165061950683593750e+00
9.326844215393066406e-01
1.163826227188110352e+00
1.094240784645080566e+00
9.827075600624084473e-01
1.087517738342285156e+00
1.022774696350097656e+00
1.438798785209655762e+00
8.400564789772033691e-01
8.351294994354248047e-01
1.054456710815429688e+00
1.104753494262695312e+00
1.013676047325134277e+00
1.214816927909851074e+00
9.856044054031372070e-01
2.056459808349609375e+01
6.707941889762878418e-01
1.062092423439025879e+00
1.396481156349182129e+00
9.383498430252075195e-01
1.297514677047729492e+00
1.299653410911560059e+00
1.167843222618103027e+00
1.152580022811889648e+00
1.179711937904357910e+00
1.274470806121826172e+00
9.186543226242065430e-01
9.519755244255065918e-01
1.081883430480957031e+00
1.167849659919738770e+00
1.368688821792602539e+00
8.198599219322204590e-01
9.616570472717285156e-01
8.295959234237670898e-01
1.020416498184204102e+00
8.540245890617370605e-01
1.003463864326477051e+00
8.900277018547058105e-01
1.082197904586791992e+00
8.158828616142272949e-01
9.421081542968750000e-01
1.025865793228149414e+00
9.244844913482666016e-01
1.043634176254272461e+00
8.590869903564453125e-01
7.084735631942749023e-01
9.510915875434875488e-01
8.644439578056335449e-01
1.030614495277404785e+00
9.601451754570007324e-01
1.078999876976013184e+00
9.986878037452697754e-01
1.158463478088378906e+00
8.470155596733093262e-01
7.356913685798645020e-01
7.979401946067810059e-01
1.052053451538085938e+00
9.842311739921569824e-01
1.178786993026733398e+00
9.608728885650634766e-01
8.220896124839782715e-01
6.696103811264038086e-01
8.314182162284851074e-01
6.630911231040954590e-01
1.040486574172973633e+00
8.761090636253356934e-01
1.167762756347656250e+00
1.179421663284301758e+00
7.686829566955566406e-01
8.017700314521789551e-01
1.153067469596862793e+00
9.840965867042541504e-01
8.824040293693542480e-01
9.901364445686340332e-01
1.120516061782836914e+00
9.159469008445739746e-01
9.289427399635314941e-01
9.425841569900512695e-01
8.526446819305419922e-01
1.008612990379333496e+00
1.032692670822143555e+00
8.953190445899963379e-01
8.966069221496582031e-01
9.265068173408508301e-01
8.375826478004455566e-01
8.520990014076232910e-01
8.117985129356384277e-01
7.283880710601806641e-01
7.193966507911682129e-01
8.942487835884094238e-01
7.058158516883850098e-01
8.644811511039733887e-01
6.698611974716186523e-01
7.690600156784057617e-01
7.926903963088989258e-01
1.168925881385803223e+00
8.556168675422668457e-01
1.000471472740173340e+00
7.540816068649291992e-01
9.273110628128051758e-01
8.043375611305236816e-01
7.281121611595153809e-01
6.961938738822937012e-01
7.897545099258422852e-01
8.813545107841491699e-01
7.515424489974975586e-01
8.720575571060180664e-01
8.497430086135864258e-01
8.170831203460693359e-01
1.086363792419433594e+00
8.646935224533081055e-01
7.410985827445983887e-01
5.224424600601196289e-01
9.670763015747070312e-01
9.227038621902465820e-01
7.876632213592529297e-01
6.162397265434265137e-01
6.912718415260314941e-01
8.446273207664489746e-01
6.154857873916625977e-01
6.905402541160583496e-01
7.414983510971069336e-01
7.536134123802185059e-01
7.114455103874206543e-01
8.581633567810058594e-01
8.769260644912719727e-01
1.080672502517700195e+00
6.722952127456665039e-01
8.071102499961853027e-01
7.486659884452819824e-01
7.286359667778015137e-01
7.323666214942932129e-01
7.736864089965820312e-01
7.573453783988952637e-01
6.147918701171875000e-01
9.052526950836181641e-01
8.087119460105895996e-01
7.968741655349731445e-01
7.930637598037719727e-01
6.479194164276123047e-01
5.747823119163513184e-01
5.653504729270935059e-01
1.064520835876464844e+00
7.958243489265441895e-01
6.433385014533996582e-01
6.706008911132812500e-01
7.820782661437988281e-01
6.284060478210449219e-01
7.537547349929809570e-01
8.827772736549377441e-01
9.936562776565551758e-01
9.556673765182495117e-01
7.409842610359191895e-01
9.406112432479858398e-01
7.288632392883300781e-01
6.833848357200622559e-01
7.690087556838989258e-01
6.919683814048767090e-01
9.281093478202819824e-01
8.404203057289123535e-01
9.082800745964050293e-01
8.818100690841674805e-01
8.430891036987304688e-01
7.904441356658935547e-01
8.417342305183410645e-01
7.985903620719909668e-01
7.896564006805419922e-01
8.907549381256103516e-01
8.165980577468872070e-01
7.327726483345031738e-01
4.528543353080749512e-01
7.237772941589355469e-01
7.675984501838684082e-01
9.931474924087524414e-01
7.071035504341125488e-01
1.081281542778015137e+00
9.200449585914611816e-01
6.168623566627502441e-01
8.163558244705200195e-01
7.571304440498352051e-01
7.399432063102722168e-01
6.256611347198486328e-01
7.184298038482666016e-01
7.912080287933349609e-01
7.000085711479187012e-01
6.628586649894714355e-01
7.593598365783691406e-01
7.256295084953308105e-01
7.509487867355346680e-01
7.807515263557434082e-01
8.452410101890563965e-01
5.429872274398803711e-01
6.231106519699096680e-01
9.192122220993041992e-01
7.050473690032958984e-01
5.967092514038085938e-01
9.787197113037109375e-01
6.299479007720947266e-01
6.210814714431762695e-01
6.210226416587829590e-01
7.555618882179260254e-01
7.296798229217529297e-01
7.692263126373291016e-01
1.349406480789184570e+00
7.683743238449096680e-01
6.219261884689331055e-01
6.829757094383239746e-01
6.578269004821777344e-01
6.105684041976928711e-01
7.394284605979919434e-01
7.456921935081481934e-01
9.942293167114257812e-01
5.542767643928527832e-01
5.503703355789184570e-01
7.322539687156677246e-01
7.249976396560668945e-01
1.619472622871398926e+00
6.963545680046081543e-01
8.872562646865844727e-01
5.617579817771911621e-01
6.880573630332946777e-01
7.716733217239379883e-01
6.499325037002563477e-01
7.817693948745727539e-01
5.300183296203613281e-01
6.840307712554931641e-01
7.399169206619262695e-01
7.156122326850891113e-01
6.150662899017333984e-01
6.880699396133422852e-01
8.314123749732971191e-01
1.020830750465393066e+00
8.637422919273376465e-01
6.199617981910705566e-01
8.563157320022583008e-01
7.448052167892456055e-01
7.294759750366210938e-01
7.588989138603210449e-01
5.977946519851684570e-01
5.778752565383911133e-01
5.921106338500976562e-01
7.321367263793945312e-01
6.325283646583557129e-01
7.073447704315185547e-01
6.205279827117919922e-01
7.613708376884460449e-01
6.434304118156433105e-01
8.416252136230468750e-01
6.090615987777709961e-01
7.364909648895263672e-01
6.259744167327880859e-01
5.272214412689208984e-01
7.232429981231689453e-01
8.966959118843078613e-01
7.749290466308593750e-01
6.067683100700378418e-01
6.309676170349121094e-01
6.390964984893798828e-01
6.447852849960327148e-01
6.885660886764526367e-01
7.570926547050476074e-01
5.245850086212158203e-01
7.499550580978393555e-01
5.488828420639038086e-01
7.394823431968688965e-01
4.973681569099426270e-01
5.522884130477905273e-01
6.405441761016845703e-01
6.278297305107116699e-01
6.296629905700683594e-01
6.739472150802612305e-01
8.015761971473693848e-01
4.632683098316192627e-01
6.695918440818786621e-01
8.108949661254882812e-01
6.226398348808288574e-01
6.971557140350341797e-01
7.086247205734252930e-01
9.027255773544311523e-01
8.040005564689636230e-01
7.066577672958374023e-01
6.793209314346313477e-01
5.925572514533996582e-01
6.379110813140869141e-01
6.050420403480529785e-01
6.744022369384765625e-01
4.405861496925354004e-01
6.799843907356262207e-01
6.412004232406616211e-01
5.019220113754272461e-01
6.869630813598632812e-01
5.871696472167968750e-01
5.665089488029479980e-01
6.744136810302734375e-01
7.450532913208007812e-01
6.975796818733215332e-01
5.986253023147583008e-01
5.375108122825622559e-01
5.367827415466308594e-01
8.816110491752624512e-01
5.251669287681579590e-01
5.238610506057739258e-01
5.747732520103454590e-01
8.892024755477905273e-01
4.586074650287628174e-01
6.077611446380615234e-01
6.380702853202819824e-01
6.402531862258911133e-01
6.858828067779541016e-01
5.844209790229797363e-01
7.018005251884460449e-01
4.225466251373291016e-01
9.856701493263244629e-01
7.650771737098693848e-01
6.552627086639404297e-01
6.982499957084655762e-01
6.481181383132934570e-01
6.253572702407836914e-01
4.692533016204833984e-01
7.156730890274047852e-01
6.094743013381958008e-01
7.439727187156677246e-01
4.909740686416625977e-01
5.390139818191528320e-01
5.982718467712402344e-01
5.374156832695007324e-01
6.928811669349670410e-01
7.039478421211242676e-01
5.321230292320251465e-01
5.250060558319091797e-01
4.549608826637268066e-01
6.294188499450683594e-01
5.568295121192932129e-01
5.954147577285766602e-01
8.027627468109130859e-01
6.677045822143554688e-01
5.038514137268066406e-01
5.850748419761657715e-01
5.548848509788513184e-01
4.854130148887634277e-01
5.164104700088500977e-01
5.621346831321716309e-01
5.610494017601013184e-01
6.439217329025268555e-01
6.298191547393798828e-01
5.867281556129455566e-01
7.557419538497924805e-01
5.500924587249755859e-01
6.958740949630737305e-01
