6.421625137329101562e+00
4.715156078338623047e+00
5.477433681488037109e+00
4.647329807281494141e+00
5.878114223480224609e+00
4.612456321716308594e+00
5.470254421234130859e+00
4.563727378845214844e+00
5.675815582275390625e+00
3.988820075988769531e+00
3.016532897949218750e+00
3.419109344482421875e+00
2.634488582611083984e+00
2.531847238540649414e+00
2.201295375823974609e+00
1.708917021751403809e+00
1.945129513740539551e+00
2.011953115463256836e+00
2.155224561691284180e+00
2.909742355346679688e+00
1.690550684928894043e+00
1.508775353431701660e+00
1.682188868522644043e+00
1.547924041748046875e+00
1.613097310066223145e+00
1.755874752998352051e+00
1.731646418571472168e+00
1.942579030990600586e+00
1.943370223045349121e+00
2.232023954391479492e+00
1.219180107116699219e+00
1.937584996223449707e+00
1.869788646697998047e+00
1.268475651741027832e+00
1.259783864021301270e+00
1.444325566291809082e+00
9.400640726089477539e-01
1.253148317337036133e+00
9.872838854789733887e-01
1.322245597839355469e+00
1.228110909461975098e+00
9.575714468955993652e-01
1.128480911254882812e+00
9.325790405273437500e-01
1.497255444526672363e+00
7.910938858985900879e-01
7.391920685768127441e-01
1.172286987304687500e+00
8.265922665596008301e-01
1.651598930358886719e+00
1.107730984687805176e+00
9.211972355842590332e-01
8.036372661590576172e-01
9.415572881698608398e-01
9.674380421638488770e-01
9.634644985198974609e-01
1.017935395240783691e+00
8.294706940650939941e-01
8.964279890060424805e-01
9.113719463348388672e-01
7.978656888008117676e-01
9.327818751335144043e-01
6.651979684829711914e-01
9.126585125923156738e-01
8.784618377685546875e-01
8.049411773681640625e-01
5.578269362449645996e-01
9.134477972984313965e-01
6.522540450096130371e-01
9.926359653472900391e-01
6.972229480743408203e-01
8.557685017585754395e-01
7.621284127235412598e-01
7.892152070999145508e-01
6.990329623222351074e-01
8.344249725341796875e-01
7.245905399322509766e-01
5.573452711105346680e-01
8.406869769096374512e-01
6.213995218276977539e-01
1.047618269920349121e+00
9.466870427131652832e-01
6.588068604469299316e-01
6.116271615028381348e-01
7.544137835502624512e-01
7.836387753486633301e-01
8.175510764122009277e-01
5.914064645767211914e-01
6.852471232414245605e-01
6.924563050270080566e-01
7.673397064208984375e-01
6.817597746849060059e-01
7.103548049926757812e-01
4.620266556739807129e-01
7.976455092430114746e-01
6.809105277061462402e-01
8.202183246612548828e-01
8.487821221351623535e-01
7.003762125968933105e-01
6.495300531387329102e-01
7.447654008865356445e-01
6.981400251388549805e-01
7.813513278961181641e-01
5.984606742858886719e-01
6.494857072830200195e-01
5.171463489532470703e-01
8.250687122344970703e-01
7.978994846343994141e-01
5.048182010650634766e-01
6.255252957344055176e-01
7.557020783424377441e-01
5.224393606185913086e-01
6.466570496559143066e-01
6.449405550956726074e-01
7.666693925857543945e-01
7.933890819549560547e-01
7.298576831817626953e-01
6.599496006965637207e-01
5.195672512054443359e-01
6.345102787017822266e-01
6.735433936119079590e-01
6.727773547172546387e-01
6.218813657760620117e-01
6.866813898086547852e-01
5.870391130447387695e-01
6.493799090385437012e-01
7.102106809616088867e-01
6.798141002655029297e-01
7.339221835136413574e-01
6.270038485527038574e-01
5.321801304817199707e-01
6.526196599006652832e-01
4.941254258155822754e-01
7.183126211166381836e-01
6.782811284065246582e-01
4.726479351520538330e-01
7.017645835876464844e-01
5.447721481323242188e-01
8.240270614624023438e-01
8.622328042984008789e-01
7.902629375457763672e-01
7.097424268722534180e-01
7.116205692291259766e-01
7.079483270645141602e-01
6.329517960548400879e-01
6.794586181640625000e-01
5.957145690917968750e-01
7.139125466346740723e-01
5.241839289665222168e-01
8.260085582733154297e-01
5.802912116050720215e-01
7.471556663513183594e-01
5.939257740974426270e-01
5.951068997383117676e-01
4.549316763877868652e-01
6.131011247634887695e-01
6.815553903579711914e-01
5.099751353263854980e-01
4.611082673072814941e-01
5.886907577514648438e-01
5.951861143112182617e-01
6.083846092224121094e-01
7.080190181732177734e-01
5.443552732467651367e-01
4.410540461540222168e-01
5.614312291145324707e-01
6.277175545692443848e-01
6.434505581855773926e-01
5.909917354583740234e-01
6.075652241706848145e-01
5.706950426101684570e-01
4.480108022689819336e-01
5.464444160461425781e-01
6.106901168823242188e-01
7.251813411712646484e-01
6.649888157844543457e-01
8.818133473396301270e-01
6.922971606254577637e-01
5.895208716392517090e-01
7.148190736770629883e-01
6.415262818336486816e-01
8.596891760826110840e-01
5.856954455375671387e-01
5.871527194976806641e-01
6.395803689956665039e-01
5.941556692123413086e-01
5.526843070983886719e-01
4.624572396278381348e-01
8.446660637855529785e-01
6.166529059410095215e-01
6.499074697494506836e-01
7.284283041954040527e-01
6.144516468048095703e-01
5.411399006843566895e-01
5.385103821754455566e-01
5.702037811279296875e-01
5.720655918121337891e-01
7.663912177085876465e-01
6.406800746917724609e-01
6.657214164733886719e-01
6.339858174324035645e-01
6.634323000907897949e-01
7.312112450599670410e-01
5.742581486701965332e-01
7.530046701431274414e-01
6.224585771560668945e-01
4.631190598011016846e-01
5.521208047866821289e-01
5.758580565452575684e-01
6.668898463249206543e-01
7.070661783218383789e-01
7.722923755645751953e-01
5.376878380775451660e-01
7.042158842086791992e-01
5.332765579223632812e-01
5.913950800895690918e-01
5.660750269889831543e-01
5.289146900177001953e-01
7.128010988235473633e-01
5.721815228462219238e-01
5.111019611358642578e-01
6.346495151519775391e-01
6.986059546470642090e-01
5.160977244377136230e-01
5.386521816253662109e-01
5.604091882705688477e-01
4.927841722965240479e-01
5.897783041000366211e-01
5.044795870780944824e-01
5.271385908126831055e-01
5.451464653015136719e-01
6.719534993171691895e-01
4.918607175350189209e-01
8.660694956779479980e-01
4.404040277004241943e-01
6.785541772842407227e-01
5.190262198448181152e-01
5.220221877098083496e-01
5.223388671875000000e-01
5.487453341484069824e-01
4.955199062824249268e-01
6.227664947509765625e-01
6.175519227981567383e-01
5.217080116271972656e-01
5.201497077941894531e-01
4.694323539733886719e-01
7.183321118354797363e-01
6.273234486579895020e-01
6.047860383987426758e-01
5.736073851585388184e-01
4.053520262241363525e-01
6.296417117118835449e-01
3.734950125217437744e-01
7.803786993026733398e-01
8.190209269523620605e-01
6.742053031921386719e-01
7.622682452201843262e-01
5.501152873039245605e-01
4.769773781299591064e-01
5.808955430984497070e-01
4.418010413646697998e-01
7.129346728324890137e-01
5.759527683258056641e-01
5.062163472175598145e-01
5.864580273628234863e-01
7.110904455184936523e-01
5.225746631622314453e-01
6.922523975372314453e-01
5.623826384544372559e-01
7.406935095787048340e-01
4.762031137943267822e-01
5.600886344909667969e-01
6.280548572540283203e-01
6.564897894859313965e-01
6.657869219779968262e-01
3.539317548274993896e-01
6.037147045135498047e-01
5.949850678443908691e-01
5.089025497436523438e-01
6.799695491790771484e-01
5.794801115989685059e-01
7.326566576957702637e-01
5.845914483070373535e-01
5.291790366172790527e-01
7.107876539230346680e-01
6.678993105888366699e-01
4.978861212730407715e-01
6.011407375335693359e-01
5.866430401802062988e-01
4.865457117557525635e-01
6.462344527244567871e-01
5.149785876274108887e-01
7.198893427848815918e-01
5.344166755676269531e-01
5.216304063796997070e-01
4.201940894126892090e-01
5.993602871894836426e-01
6.410677433013916016e-01
5.478202104568481445e-01
4.187182784080505371e-01
6.486701965332031250e-01
4.708103537559509277e-01
6.341906189918518066e-01
5.651943087577819824e-01
5.411934852600097656e-01
5.432041287422180176e-01
6.344345808029174805e-01
6.437556147575378418e-01
3.651506304740905762e-01
5.544547438621520996e-01
4.531398713588714600e-01
4.059375226497650146e-01
5.238793492317199707e-01
5.132701992988586426e-01
5.584933757781982422e-01
3.738737702369689941e-01
5.401279926300048828e-01
5.682812929153442383e-01
5.375303030014038086e-01
6.706621050834655762e-01
6.921188235282897949e-01
7.246716618537902832e-01
3.441486358642578125e-01
8.085972666740417480e-01
7.103172540664672852e-01
5.602993369102478027e-01
5.322703123092651367e-01
4.951256215572357178e-01
4.669928848743438721e-01
3.562135994434356689e-01
7.655069231986999512e-01
4.485381245613098145e-01
7.265468835830688477e-01
5.913693904876708984e-01
4.653858542442321777e-01
6.591967940330505371e-01
5.136227607727050781e-01
4.982734918594360352e-01
4.932362735271453857e-01
5.944171547889709473e-01
4.482496678829193115e-01
6.598297357559204102e-01
4.909948706626892090e-01
5.220171809196472168e-01
6.042678952217102051e-01
4.641083478927612305e-01
5.121023058891296387e-01
5.419473648071289062e-01
3.860373497009277344e-01
3.768471479415893555e-01
4.280087053775787354e-01
7.624590992927551270e-01
6.563034057617187500e-01
7.385678887367248535e-01
4.986350238323211670e-01
5.593071579933166504e-01
7.244351506233215332e-01
5.646643042564392090e-01
5.901600718498229980e-01
6.180947422981262207e-01
5.985337495803833008e-01
4.026766419410705566e-01
4.290418624877929688e-01
4.582545459270477295e-01
4.420988559722900391e-01
6.200733184814453125e-01
5.725654363632202148e-01
7.001011371612548828e-01
4.332502484321594238e-01
4.953656196594238281e-01
5.603788495063781738e-01
6.271519064903259277e-01
4.333902001380920410e-01
7.906199097633361816e-01
4.587354063987731934e-01
5.306312441825866699e-01
4.294110536575317383e-01
5.062013268470764160e-01
5.296322703361511230e-01
4.791135191917419434e-01
6.354663372039794922e-01
5.601807832717895508e-01
6.152310371398925781e-01
5.270106792449951172e-01
4.811100959777832031e-01
4.879529178142547607e-01
5.177526473999023438e-01
