6.060888767242431641e+00
5.286670207977294922e+00
5.797895431518554688e+00
6.371272087097167969e+00
5.370893478393554688e+00
4.827114105224609375e+00
5.745490074157714844e+00
5.294868469238281250e+00
4.875102519989013672e+00
4.008884429931640625e+00
4.737715721130371094e+00
5.064966201782226562e+00
3.503663301467895508e+00
3.385984182357788086e+00
3.168926477432250977e+00
2.391398429870605469e+00
1.757849574089050293e+00
1.729370594024658203e+00
1.673283219337463379e+00
1.353193521499633789e+00
1.932502388954162598e+00
2.349014043807983398e+00
1.923970699310302734e+00
1.627722144126892090e+00
1.597435712814331055e+00
1.401296138763427734e+00
1.384018421173095703e+00
1.310219526290893555e+00
1.640291452407836914e+00
1.509699225425720215e+00
1.095690488815307617e+00
1.069699048995971680e+00
1.265928864479064941e+00
1.160851836204528809e+00
8.401825428009033203e-01
1.014347076416015625e+00
8.620585203170776367e-01
8.585804104804992676e-01
8.654848933219909668e-01
1.008577823638916016e+00
7.351522445678710938e-01
3.332845687866210938e+00
7.743925452232360840e-01
1.011267423629760742e+00
7.809970378875732422e-01
9.318166971206665039e-01
1.029754042625427246e+00
8.950150012969970703e-01
1.477937340736389160e+00
7.398030161857604980e-01
8.364129066467285156e-01
7.149359583854675293e-01
8.383166193962097168e-01
7.562429308891296387e-01
8.941248059272766113e-01
7.576668262481689453e-01
8.427272439002990723e-01
7.463638782501220703e-01
6.203891038894653320e-01
9.428830742835998535e-01
1.050085663795471191e+00
6.931789517402648926e-01
7.897442579269409180e-01
6.477305889129638672e-01
9.185791015625000000e-01
8.520241975784301758e-01
7.336176633834838867e-01
6.167979240417480469e-01
6.242998242378234863e-01
5.729894042015075684e-01
8.112719058990478516e-01
7.998930215835571289e-01
8.713907003402709961e-01
7.642589211463928223e-01
2.307721710205078125e+01
6.499533057212829590e-01
7.639650702476501465e-01
1.106931447982788086e+00
8.915424942970275879e-01
1.145742893218994141e+00
1.395838379859924316e+00
1.545788168907165527e+00
1.122197866439819336e+00
7.851734161376953125e-01
1.479552268981933594e+00
9.734117388725280762e-01
1.157640218734741211e+00
8.300226926803588867e-01
8.462547659873962402e-01
7.823000550270080566e-01
7.892935872077941895e-01
7.035962343215942383e-01
7.397562265396118164e-01
9.131317734718322754e-01
9.257004261016845703e-01
1.094217181205749512e+00
8.054780960083007812e-01
7.947658300399780273e-01
8.912625312805175781e-01
7.503117918968200684e-01
9.134869575500488281e-01
1.030331134796142578e+00
5.771981477737426758e-01
6.877756118774414062e-01
7.282662391662597656e-01
8.147234916687011719e-01
9.665548205375671387e-01
7.696117162704467773e-01
6.610235571861267090e-01
8.273645043373107910e-01
8.078109025955200195e-01
9.294872879981994629e-01
6.587988734245300293e-01
6.858790516853332520e-01
6.781125068664550781e-01
7.458425760269165039e-01
6.780394315719604492e-01
9.657994508743286133e-01
6.184934377670288086e-01
9.175655841827392578e-01
7.899118661880493164e-01
7.866029143333435059e-01
8.035578727722167969e-01
6.726689934730529785e-01
7.026944756507873535e-01
8.286105394363403320e-01
8.831494450569152832e-01
6.805507540702819824e-01
7.701401114463806152e-01
4.912416934967041016e-01
7.851400971412658691e-01
5.474458336830139160e-01
4.709520637989044189e-01
4.719017744064331055e-01
6.448283195495605469e-01
5.161789655685424805e-01
6.480829715728759766e-01
7.488224506378173828e-01
8.210045099258422852e-01
7.710170149803161621e-01
3.934928178787231445e-01
5.355885028839111328e-01
6.997814774513244629e-01
7.096022367477416992e-01
5.908866524696350098e-01
5.331129431724548340e-01
5.763041377067565918e-01
5.835129618644714355e-01
8.366965651512145996e-01
6.821272373199462891e-01
5.106949210166931152e-01
7.547649145126342773e-01
6.397609710693359375e-01
5.107136368751525879e-01
8.751245737075805664e-01
9.061027169227600098e-01
7.758209109306335449e-01
5.358150005340576172e-01
5.650905370712280273e-01
6.072522401809692383e-01
8.611901402473449707e-01
7.820784449577331543e-01
6.420328617095947266e-01
6.282650828361511230e-01
6.286636590957641602e-01
6.424704194068908691e-01
4.598039090633392334e-01
7.274193167686462402e-01
5.804018378257751465e-01
7.001757621765136719e-01
7.399870157241821289e-01
6.962012648582458496e-01
7.112622857093811035e-01
7.452203035354614258e-01
7.362508773803710938e-01
5.434679388999938965e-01
6.545490026473999023e-01
4.805853366851806641e-01
4.980795979499816895e-01
5.121838450431823730e-01
1.171251773834228516e+00
7.196291089057922363e-01
7.456790804862976074e-01
5.780801773071289062e-01
6.833523511886596680e-01
8.374969959259033203e-01
6.003552079200744629e-01
6.824845075607299805e-01
8.070179224014282227e-01
8.568139076232910156e-01
6.927183866500854492e-01
6.381984949111938477e-01
8.646423816680908203e-01
6.031551361083984375e-01
4.472548067569732666e-01
8.037073612213134766e-01
5.432216525077819824e-01
6.726274490356445312e-01
6.688208580017089844e-01
6.661843657493591309e-01
6.468625068664550781e-01
7.150354385375976562e-01
5.014373064041137695e-01
6.338882446289062500e-01
6.353328227996826172e-01
6.602465510368347168e-01
8.219304084777832031e-01
5.882735848426818848e-01
6.054115891456604004e-01
7.417302727699279785e-01
4.408109188079833984e-01
8.263602852821350098e-01
6.379504799842834473e-01
5.443439483642578125e-01
8.383226990699768066e-01
7.738370299339294434e-01
6.986543536186218262e-01
5.711792707443237305e-01
5.536445975303649902e-01
6.636766791343688965e-01
8.158671855926513672e-01
6.614120006561279297e-01
8.004589080810546875e-01
7.179507017135620117e-01
4.173785150051116943e-01
6.892778277397155762e-01
8.497543334960937500e-01
5.943238139152526855e-01
5.904445648193359375e-01
6.497294306755065918e-01
6.010960340499877930e-01
5.661829113960266113e-01
6.106295585632324219e-01
6.018989682197570801e-01
6.097068786621093750e-01
6.143848896026611328e-01
8.098908662796020508e-01
4.812510609626770020e-01
5.868616104125976562e-01
4.685277640819549561e-01
4.966953992843627930e-01
4.670575261116027832e-01
5.237289667129516602e-01
7.853904366493225098e-01
6.459578275680541992e-01
6.954705715179443359e-01
7.260369062423706055e-01
4.853739738464355469e-01
6.717234849929809570e-01
5.989699959754943848e-01
6.610853075981140137e-01
5.204017758369445801e-01
7.721145749092102051e-01
7.385302186012268066e-01
4.906287193298339844e-01
6.803954243659973145e-01
5.783044695854187012e-01
5.512595176696777344e-01
4.883814454078674316e-01
8.287400603294372559e-01
5.109216570854187012e-01
5.162459611892700195e-01
5.436762571334838867e-01
5.118460059165954590e-01
5.768433809280395508e-01
6.015760302543640137e-01
5.451819300651550293e-01
6.323016881942749023e-01
6.330062150955200195e-01
6.350151300430297852e-01
5.037085413932800293e-01
7.135275602340698242e-01
5.595476031303405762e-01
5.418885946273803711e-01
4.871362149715423584e-01
5.119369626045227051e-01
6.517615318298339844e-01
3.948070406913757324e-01
5.723449587821960449e-01
8.648225069046020508e-01
5.031711459159851074e-01
5.038307309150695801e-01
5.029445886611938477e-01
6.236153841018676758e-01
4.791121482849121094e-01
5.063320994377136230e-01
7.787122726440429688e-01
5.401792526245117188e-01
4.432772994041442871e-01
5.953597426414489746e-01
4.900547266006469727e-01
7.275790572166442871e-01
7.193289399147033691e-01
5.943166613578796387e-01
4.635286331176757812e-01
5.805256962776184082e-01
4.353913664817810059e-01
6.193453669548034668e-01
5.550854802131652832e-01
4.957389831542968750e-01
4.317835271358489990e-01
5.010808706283569336e-01
4.406210780143737793e-01
4.688091278076171875e-01
6.812058091163635254e-01
4.213613569736480713e-01
5.126466751098632812e-01
4.901508092880249023e-01
5.403832197189331055e-01
5.164439678192138672e-01
5.096981525421142578e-01
6.907000541687011719e-01
4.954975843429565430e-01
6.199047565460205078e-01
6.783422827720642090e-01
7.235952615737915039e-01
4.416321218013763428e-01
6.008980274200439453e-01
4.454203844070434570e-01
5.498688817024230957e-01
6.075473427772521973e-01
5.580974817276000977e-01
5.462266206741333008e-01
4.876358807086944580e-01
5.887560844421386719e-01
3.842185437679290771e-01
5.469281077384948730e-01
5.249333381652832031e-01
6.249848604202270508e-01
7.394705414772033691e-01
5.398313999176025391e-01
6.046931743621826172e-01
6.948196887969970703e-01
4.944586455821990967e-01
5.611693263053894043e-01
4.790131151676177979e-01
4.397945702075958252e-01
5.063616037368774414e-01
4.112647175788879395e-01
5.898956060409545898e-01
5.318049192428588867e-01
3.397292196750640869e-01
5.425611734390258789e-01
3.767763674259185791e-01
5.358973145484924316e-01
4.702253639698028564e-01
6.002660393714904785e-01
5.761889815330505371e-01
9.413590431213378906e-01
4.045858681201934814e-01
4.187101423740386963e-01
4.998670816421508789e-01
5.133407115936279297e-01
7.106083035469055176e-01
4.597635567188262939e-01
4.763124883174896240e-01
8.174445033073425293e-01
6.517368555068969727e-01
5.900462865829467773e-01
4.568948149681091309e-01
4.838552176952362061e-01
4.137574434280395508e-01
5.524049997329711914e-01
5.370982289314270020e-01
5.572761297225952148e-01
6.776132583618164062e-01
4.305011928081512451e-01
5.887645483016967773e-01
6.380208730697631836e-01
4.100379347801208496e-01
3.844490647315979004e-01
4.977445602416992188e-01
4.612805843353271484e-01
5.097944736480712891e-01
4.368565082550048828e-01
4.230561852455139160e-01
4.794135987758636475e-01
3.813582360744476318e-01
5.983411073684692383e-01
7.322672009468078613e-01
3.758182227611541748e-01
5.085934400558471680e-01
4.143648445606231689e-01
4.393262863159179688e-01
5.063608288764953613e-01
4.520619213581085205e-01
4.248211979866027832e-01
