4.610645771026611328e+00
5.045795917510986328e+00
5.841073989868164062e+00
5.296978473663330078e+00
4.522264957427978516e+00
3.635801792144775391e+00
4.245201110839843750e+00
4.562505245208740234e+00
4.161787509918212891e+00
2.939560174942016602e+00
4.079407691955566406e+00
2.300600051879882812e+00
2.496831893920898438e+00
1.133490085601806641e+00
7.896443843841552734e+00
2.334117174148559570e+00
1.526972174644470215e+00
1.531949639320373535e+00
1.717028498649597168e+00
1.563407540321350098e+00
1.186915397644042969e+01
1.156332612037658691e+00
1.125886440277099609e+00
1.772881388664245605e+00
1.481513261795043945e+00
1.479547977447509766e+00
1.411882996559143066e+00
1.392169237136840820e+00
1.330942392349243164e+00
1.923007488250732422e+00
1.259549617767333984e+00
1.455936431884765625e+00
1.450158238410949707e+00
1.149726033210754395e+00
1.447077393531799316e+00
1.307982563972473145e+00
8.937211632728576660e-01
1.052584052085876465e+00
1.394014358520507812e+00
8.860660791397094727e-01
1.059648275375366211e+00
1.491536498069763184e+00
1.054962158203125000e+00
1.113755583763122559e+00
1.083027124404907227e+00
9.151934981346130371e-01
7.920340895652770996e-01
1.365165352821350098e+00
1.006053805351257324e+00
7.671946287155151367e-01
7.480984330177307129e-01
1.062509417533874512e+00
8.343977928161621094e-01
8.350510597229003906e-01
1.181014060974121094e+00
9.831166863441467285e-01
7.642589807510375977e-01
7.866665720939636230e-01
7.973022460937500000e-01
9.095486402511596680e-01
1.081189632415771484e+00
8.555799722671508789e-01
8.757209777832031250e-01
7.588152885437011719e-01
8.536812663078308105e-01
6.475020051002502441e-01
7.512147426605224609e-01
9.033706784248352051e-01
7.377808094024658203e-01
9.885119795799255371e-01
6.623618602752685547e-01
8.092226982116699219e-01
8.349740505218505859e-01
8.570972681045532227e-01
6.531489491462707520e-01
7.960642576217651367e-01
8.610060811042785645e-01
6.151965856552124023e-01
7.530484795570373535e-01
6.441203951835632324e-01
6.595218181610107422e-01
8.700267076492309570e-01
7.300086617469787598e-01
9.580487608909606934e-01
7.240908145904541016e-01
7.688381671905517578e-01
6.503228545188903809e-01
4.626547396183013916e-01
8.802134394645690918e-01
5.742191672325134277e-01
5.882306098937988281e-01
9.622039794921875000e-01
7.831429839134216309e-01
9.655135869979858398e-01
6.731927394866943359e-01
7.143307328224182129e-01
6.538411974906921387e-01
6.309649348258972168e-01
5.495689511299133301e-01
5.863627195358276367e-01
9.197304248809814453e-01
6.022759079933166504e-01
4.641797542572021484e-01
5.546697378158569336e-01
5.248097181320190430e-01
7.755764722824096680e-01
6.917996406555175781e-01
7.491003870964050293e-01
9.092921614646911621e-01
5.546126961708068848e-01
7.072098255157470703e-01
6.402422785758972168e-01
4.757647216320037842e-01
7.692310214042663574e-01
6.857634782791137695e-01
5.510975718498229980e-01
6.598815321922302246e-01
6.974680423736572266e-01
6.340853571891784668e-01
8.113698959350585938e-01
6.400568485260009766e-01
7.691642045974731445e-01
4.739117026329040527e-01
4.947036504745483398e-01
6.193034052848815918e-01
8.305994272232055664e-01
6.526979207992553711e-01
6.779003143310546875e-01
7.870047092437744141e-01
5.766335725784301758e-01
4.945491850376129150e-01
7.423858642578125000e-01
5.791664719581604004e-01
5.713534951210021973e-01
6.002150774002075195e-01
5.358564257621765137e-01
5.867969393730163574e-01
6.948287487030029297e-01
6.711834669113159180e-01
5.601662397384643555e-01
7.470992207527160645e-01
6.229113936424255371e-01
6.633028388023376465e-01
6.273857355117797852e-01
7.497076988220214844e-01
5.859836339950561523e-01
6.534844636917114258e-01
5.483070015907287598e-01
7.250885367393493652e-01
5.882765054702758789e-01
5.286262035369873047e-01
7.405293583869934082e-01
7.169817686080932617e-01
6.940686702728271484e-01
6.030239462852478027e-01
6.932152509689331055e-01
6.496402025222778320e-01
4.610756933689117432e-01
5.628127455711364746e-01
5.550593137741088867e-01
5.663297176361083984e-01
7.614615559577941895e-01
8.026862144470214844e-01
9.248079061508178711e-01
5.970989465713500977e-01
7.064970731735229492e-01
6.954309940338134766e-01
9.003578424453735352e-01
5.521880388259887695e-01
5.700666308403015137e-01
5.188997983932495117e-01
1.141654610633850098e+00
6.054294109344482422e-01
6.822168827056884766e-01
6.964521408081054688e-01
7.627424597740173340e-01
5.482616424560546875e-01
8.526243567466735840e-01
5.866622328758239746e-01
5.586277246475219727e-01
7.748307585716247559e-01
5.161136388778686523e-01
6.214478015899658203e-01
7.967748045921325684e-01
7.709315419197082520e-01
6.237370371818542480e-01
5.538272857666015625e-01
5.062413215637207031e-01
5.985150337219238281e-01
6.876771450042724609e-01
5.187066793441772461e-01
5.496013164520263672e-01
5.529608130455017090e-01
6.085234284400939941e-01
6.505867242813110352e-01
7.428535819053649902e-01
6.665278077125549316e-01
5.773547291755676270e-01
4.612455964088439941e-01
6.424709558486938477e-01
7.770658135414123535e-01
5.976645946502685547e-01
5.082436800003051758e-01
7.043519020080566406e-01
3.977032303810119629e-01
6.830690503120422363e-01
6.455866694450378418e-01
5.783578157424926758e-01
4.818004965782165527e-01
5.994932055473327637e-01
5.982859730720520020e-01
6.297881007194519043e-01
6.443556547164916992e-01
6.807174682617187500e-01
5.554784536361694336e-01
5.069996714591979980e-01
6.573413610458374023e-01
6.602354049682617188e-01
5.619789958000183105e-01
6.161685585975646973e-01
4.445144832134246826e-01
4.863007068634033203e-01
6.103980541229248047e-01
5.676863193511962891e-01
6.584005355834960938e-01
6.651344895362854004e-01
5.942205190658569336e-01
5.600055456161499023e-01
5.233292579650878906e-01
5.286548733711242676e-01
5.848397612571716309e-01
5.038908123970031738e-01
8.901441097259521484e-01
5.326420068740844727e-01
5.319576263427734375e-01
5.622411966323852539e-01
5.444615483283996582e-01
7.170753479003906250e-01
6.241055130958557129e-01
6.237218379974365234e-01
4.855029881000518799e-01
5.501341223716735840e-01
7.272056341171264648e-01
6.562263965606689453e-01
5.135845541954040527e-01
5.741527080535888672e-01
7.564401626586914062e-01
6.685955524444580078e-01
6.160546541213989258e-01
5.774539709091186523e-01
7.892107963562011719e-01
5.423889160156250000e-01
5.686034560203552246e-01
8.628984093666076660e-01
6.136421561241149902e-01
4.871427118778228760e-01
5.690897703170776367e-01
6.001019477844238281e-01
6.510679721832275391e-01
4.537677466869354248e-01
5.271425247192382812e-01
6.596618294715881348e-01
4.752642214298248291e-01
7.234292626380920410e-01
6.823865771293640137e-01
6.527959108352661133e-01
4.357507526874542236e-01
6.889094114303588867e-01
6.589341163635253906e-01
5.494949221611022949e-01
5.540017485618591309e-01
5.571824908256530762e-01
8.157216906547546387e-01
7.341483235359191895e-01
3.974382281303405762e-01
5.742749571800231934e-01
6.872426271438598633e-01
5.431529879570007324e-01
5.179688930511474609e-01
6.104863882064819336e-01
4.206349253654479980e-01
7.129043340682983398e-01
6.268087625503540039e-01
5.518431663513183594e-01
5.775657892227172852e-01
4.230308532714843750e-01
5.723123550415039062e-01
3.524884581565856934e-01
6.855759620666503906e-01
6.110987663269042969e-01
4.306462109088897705e-01
6.569635272026062012e-01
5.184940099716186523e-01
6.231691241264343262e-01
5.683076381683349609e-01
7.380898594856262207e-01
6.323904991149902344e-01
4.562069177627563477e-01
5.868230462074279785e-01
5.140077471733093262e-01
5.924761295318603516e-01
4.402129352092742920e-01
5.478367805480957031e-01
5.887732505798339844e-01
5.281663537025451660e-01
6.217838525772094727e-01
5.432984828948974609e-01
5.176277160644531250e-01
5.155938863754272461e-01
5.614895224571228027e-01
6.276546716690063477e-01
5.954372882843017578e-01
5.618048310279846191e-01
5.186370611190795898e-01
6.819946765899658203e-01
5.444442629814147949e-01
3.644215762615203857e-01
5.831758379936218262e-01
6.917375326156616211e-01
4.917434751987457275e-01
7.269467711448669434e-01
6.054167151451110840e-01
4.364547729492187500e-01
5.094904899597167969e-01
5.051180720329284668e-01
6.797307729721069336e-01
4.892163872718811035e-01
4.622244238853454590e-01
4.933923482894897461e-01
5.454436540603637695e-01
3.988302946090698242e-01
5.895047783851623535e-01
6.212451457977294922e-01
4.232252836227416992e-01
6.031737923622131348e-01
5.268822908401489258e-01
4.944503009319305420e-01
6.297848820686340332e-01
4.472449719905853271e-01
4.656598865985870361e-01
6.188408136367797852e-01
5.935896039009094238e-01
5.482502579689025879e-01
4.883796274662017822e-01
4.466281831264495850e-01
4.220036864280700684e-01
6.054397225379943848e-01
4.234682023525238037e-01
5.972959399223327637e-01
6.548498272895812988e-01
5.340183973312377930e-01
5.867271423339843750e-01
6.516695618629455566e-01
5.352342128753662109e-01
5.800499916076660156e-01
5.678911805152893066e-01
6.796326041221618652e-01
4.505343735218048096e-01
4.077898561954498291e-01
7.706482410430908203e-01
4.448690712451934814e-01
5.766485929489135742e-01
7.008150219917297363e-01
5.406826734542846680e-01
5.799438953399658203e-01
3.979484736919403076e-01
5.818914771080017090e-01
5.609700679779052734e-01
3.899466097354888916e-01
4.850601255893707275e-01
6.692686080932617188e-01
4.800510108470916748e-01
4.256901144981384277e-01
7.553669214248657227e-01
4.028815031051635742e-01
3.629995882511138916e-01
3.686822652816772461e-01
5.601798892021179199e-01
6.167234778404235840e-01
4.263388216495513916e-01
4.548109471797943115e-01
3.221736550331115723e-01
4.669148921966552734e-01
5.065385699272155762e-01
4.870961010456085205e-01
4.972317814826965332e-01
4.930154681205749512e-01
